,code,date,open,high,low,close,pre_close,change,pct_chg,vol,amount
0,000006.SZ,20210823,4.57,4.66,4.57,4.62,4.57,0.04999999999999982,1.0941,59002.78,27268.503
1,000006.SZ,20210820,4.56,4.58,4.52,4.57,4.56,0.010000000000000675,0.2193,62534.25,28464.555
2,000006.SZ,20210819,4.61,4.63,4.55,4.56,4.62,-0.0600000000000005,-1.2987,53119.84,24332.648
3,000006.SZ,20210818,4.57,4.63,4.55,4.62,4.58,0.040000000000000036,0.8734,48944.68,22483.396
4,000006.SZ,20210817,4.65,4.69,4.57,4.58,4.67,-0.08999999999999986,-1.9272,66449.65,30796.627
5,000006.SZ,20210816,4.6,4.71,4.6,4.67,4.64,0.03000000000000025,0.6466,57839.23,26990.616
6,000006.SZ,20210813,4.66,4.66,4.59,4.64,4.64,0.0,0.0,53752.16,24857.055
7,000006.SZ,20210812,4.67,4.72,4.64,4.64,4.69,-0.05000000000000071,-1.0661,58347.69,27209.051
8,000006.SZ,20210811,4.6,4.77,4.59,4.69,4.6,0.09000000000000075,1.9565,126189.11,59523.172
9,000006.SZ,20210810,4.59,4.62,4.55,4.6,4.6,0.0,0.0,45024.57,20616.776
10,000006.SZ,20210809,4.54,4.68,4.5,4.6,4.54,0.05999999999999961,1.3216,100071.43,46121.945
11,000006.SZ,20210806,4.55,4.56,4.44,4.54,4.57,-0.03000000000000025,-0.6565,63047.28,28431.226
12,000006.SZ,20210805,4.47,4.7,4.45,4.57,4.47,0.10000000000000053,2.2371,106926.91,49032.342
13,000006.SZ,20210804,4.45,4.47,4.43,4.47,4.44,0.02999999999999936,0.6757,44345.9,19748.665
14,000006.SZ,20210803,4.44,4.49,4.42,4.44,4.46,-0.019999999999999574,-0.4484,51145.48,22814.264
15,000006.SZ,20210802,4.42,4.48,4.34,4.46,4.42,0.040000000000000036,0.905,79179.78,34919.348
16,000006.SZ,20210730,4.41,4.44,4.36,4.42,4.43,-0.009999999999999787,-0.2257,55438.57,24357.964
17,000006.SZ,20210729,4.43,4.45,4.4,4.43,4.42,0.009999999999999787,0.2262,51786.92,22903.196
18,000006.SZ,20210728,4.48,4.51,4.39,4.42,4.5,-0.08000000000000007,-1.7778,78411.19,34719.143
19,000006.SZ,20210727,4.55,4.58,4.49,4.5,4.56,-0.05999999999999961,-1.3158,58969.27,26709.922
20,000006.SZ,20210726,4.7,4.7,4.53,4.56,4.7,-0.14000000000000057,-2.9787,92943.64,42695.291
21,000006.SZ,20210723,4.7,4.72,4.64,4.7,4.73,-0.03000000000000025,-0.6342,79357.65,37134.134
22,000006.SZ,20210722,4.64,4.76,4.62,4.73,4.63,0.10000000000000053,2.1598,97367.21,45733.636
23,000006.SZ,20210721,4.66,4.69,4.62,4.63,4.67,-0.040000000000000036,-0.8565,67556.77,31391.925
24,000006.SZ,20210720,4.68,4.7,4.64,4.67,4.7,-0.03000000000000025,-0.6383,68314.66,31850.761
25,000006.SZ,20210719,4.76,4.77,4.68,4.7,4.77,-0.0699999999999994,-1.4675,69001.0,32492.242
26,000006.SZ,20210716,4.79,4.84,4.76,4.77,4.78,-0.010000000000000675,-0.2092,66782.86,31916.92
27,000006.SZ,20210715,4.79,4.81,4.75,4.78,4.8,-0.019999999999999574,-0.4167,55517.35,26541.503
28,000006.SZ,20210714,4.87,4.88,4.77,4.8,4.86,-0.0600000000000005,-1.2346,87206.45,41926.515
29,000006.SZ,20210713,4.82,4.88,4.8,4.86,4.83,0.03000000000000025,0.6211,75648.86,36629.541
30,000006.SZ,20210712,4.84,4.89,4.81,4.83,4.8,0.03000000000000025,0.625,82811.66,40170.226
31,000006.SZ,20210709,4.76,4.8,4.73,4.8,4.77,0.03000000000000025,0.6289,54575.62,26043.785
32,000006.SZ,20210708,4.86,4.86,4.76,4.77,4.86,-0.09000000000000075,-1.8519,89088.31,42684.72
33,000006.SZ,20210707,4.89,4.9,4.82,4.86,4.88,-0.019999999999999574,-0.4098,76846.6,37287.245
34,000006.SZ,20210706,4.91,4.92,4.85,4.88,4.9,-0.020000000000000462,-0.4082,85449.55,41695.818
35,000006.SZ,20210705,4.91,4.94,4.87,4.9,4.93,-0.02999999999999936,-0.6085,51218.94,25120.599
36,000006.SZ,20210702,4.99,5.01,4.9,4.93,5.0,-0.07000000000000028,-1.4,66180.96,32643.773
37,000006.SZ,20210701,5.02,5.04,4.98,5.0,5.01,-0.009999999999999787,-0.1996,52524.41,26317.006
38,000006.SZ,20210630,5.05,5.05,4.99,5.01,5.04,-0.03000000000000025,-0.5952,45579.34,22838.203
39,000006.SZ,20210629,5.01,5.07,5.0,5.04,5.02,0.020000000000000462,0.3984,56624.67,28536.534
40,000006.SZ,20210628,5.01,5.07,5.0,5.02,5.02,0.0,0.0,55387.77,27865.469
41,000006.SZ,20210625,5.04,5.04,5.0,5.02,5.03,-0.010000000000000675,-0.1988,63926.51,32056.66
42,000006.SZ,20210624,5.04,5.05,5.0,5.03,5.04,-0.009999999999999787,-0.1984,45376.44,22819.805
43,000006.SZ,20210623,5.08,5.09,5.01,5.04,5.06,-0.019999999999999574,-0.3953,71191.0,35840.235
44,000006.SZ,20210622,5.0503,5.0985,5.0214,5.06,5.0503,0.009699999999999598,0.1921,78342.14,41155.282
45,000006.SZ,20210621,5.0118,5.0696,5.0118,5.0503,5.0503,0.0,0.0,49557.43,25936.755
46,000006.SZ,20210618,5.0021,5.0696,4.9829,5.0503,4.9925,0.057800000000000296,1.1577,67875.76,35480.737
47,000006.SZ,20210617,4.9732,5.0214,4.9636,4.9925,4.9636,0.028900000000000148,0.5822,54048.97,28003.471
48,000006.SZ,20210616,4.9732,4.9925,4.9443,4.9636,4.9636,0.0,0.0,37527.22,19328.74
49,000006.SZ,20210615,4.9829,5.0021,4.9347,4.9636,4.9829,-0.019300000000000317,-0.3873,51548.3,26582.545
50,000006.SZ,20210611,5.0118,5.0214,4.9636,4.9829,5.0118,-0.028900000000000148,-0.5766,63809.16,32976.668
51,000006.SZ,20210610,5.0118,5.0311,5.0021,5.0118,5.0311,-0.019300000000000317,-0.3836,53963.37,28075.508
52,000006.SZ,20210609,5.0214,5.0407,5.0021,5.0311,5.0021,0.028999999999999915,0.5798,43106.1,22450.253
53,000006.SZ,20210608,5.0696,5.0696,5.0021,5.0021,5.0311,-0.028999999999999915,-0.5764,60572.0,31585.058
54,000006.SZ,20210607,5.0889,5.0985,5.0311,5.0311,5.06,-0.02889999999999926,-0.5711,57162.4,29941.166
55,000006.SZ,20210604,5.0889,5.1178,5.0503,5.06,5.1082,-0.048200000000000465,-0.9436,88101.59,46349.888
56,000006.SZ,20210603,5.06,5.1564,5.0407,5.1082,5.0503,0.05790000000000006,1.1465,118617.42,62738.727
57,000006.SZ,20210602,5.0985,5.0985,5.0311,5.0503,5.0889,-0.038599999999999746,-0.7585,58093.43,30539.09
58,000006.SZ,20210601,5.0889,5.0985,5.0407,5.0889,5.0696,0.01929999999999943,0.3807,59664.62,31401.554
59,000006.SZ,20210531,5.1178,5.1178,5.06,5.0696,5.0985,-0.02889999999999926,-0.5668,57447.41,30262.067
60,000006.SZ,20210528,5.1178,5.1371,5.0793,5.0985,5.1178,-0.019300000000000317,-0.3771,78194.12,41445.227
61,000006.SZ,20210527,5.1082,5.1371,5.0889,5.1178,5.1082,0.009599999999999831,0.1879,64217.8,34106.563
62,000006.SZ,20210526,5.06,5.1371,5.0503,5.1082,5.0696,0.038599999999999746,0.7614,83930.41,44441.671
63,000006.SZ,20210525,5.0407,5.0793,5.0021,5.0696,5.0407,0.028900000000000148,0.5733,76178.67,39853.098
64,000006.SZ,20210524,5.1082,5.1178,5.0214,5.0407,5.1082,-0.0674999999999999,-1.3214,97364.79,51094.858
65,000006.SZ,20210521,5.0985,5.1274,5.0889,5.1082,5.0985,0.009700000000000486,0.1903,39482.0,20912.117
66,000006.SZ,20210520,5.166,5.166,5.0985,5.0985,5.166,-0.06750000000000078,-1.3066,77615.12,41195.269
67,000006.SZ,20210519,5.2142,5.2238,5.1467,5.166,5.2238,-0.05779999999999941,-1.1065,72281.23,38754.082
68,000006.SZ,20210518,5.1756,5.2431,5.166,5.2238,5.1853,0.03849999999999998,0.7425,56792.78,30682.346
69,000006.SZ,20210517,5.2624,5.2913,5.1853,5.1853,5.2624,-0.07710000000000061,-1.4651,92676.37,50190.016
70,000006.SZ,20210514,5.166,5.272,5.166,5.2624,5.1756,0.08680000000000021,1.6771,127813.99,69465.181
71,000006.SZ,20210513,5.1564,5.2817,5.1467,5.1756,5.1949,-0.01929999999999943,-0.3715,91636.05,49514.623
72,000006.SZ,20210512,5.2045,5.2238,5.1564,5.1949,5.2431,-0.048200000000000465,-0.9193,59959.24,32249.222
73,000006.SZ,20210511,5.1564,5.2431,5.1082,5.2431,5.1564,0.08670000000000044,1.6814,77397.89,41626.573
74,000006.SZ,20210510,5.2045,5.2238,5.1371,5.1564,5.2045,-0.0481000000000007,-0.9242,71907.81,38483.923
75,000006.SZ,20210507,5.2335,5.272,5.1853,5.2045,5.2431,-0.038599999999999746,-0.7362,68991.68,37344.062
76,000006.SZ,20210506,5.2045,5.272,5.1564,5.2431,5.1949,0.048200000000000465,0.9278,93767.36,50990.158
77,000006.SZ,20210430,5.1564,5.2238,5.1178,5.1949,5.1178,0.07709999999999972,1.5065,124603.88,66904.97
78,000006.SZ,20210429,5.1178,5.1564,5.0696,5.1178,5.1082,0.009599999999999831,0.1879,49156.0,26125.739
79,000006.SZ,20210428,5.0889,5.1274,5.0696,5.1082,5.0793,0.028900000000000148,0.569,62586.83,33124.969
80,000006.SZ,20210427,5.1371,5.1564,5.0696,5.0793,5.1371,-0.057800000000000296,-1.1251,55514.2,29346.647
81,000006.SZ,20210426,5.1949,5.2335,5.1178,5.1371,5.1756,-0.03849999999999998,-0.7439,116989.36,62600.444
82,000006.SZ,20210423,5.3202,5.3395,5.166,5.1756,5.3202,-0.14459999999999962,-2.7179,119488.34,64891.365
83,000006.SZ,20210422,5.3684,5.4262,5.3106,5.3202,5.3395,-0.019300000000000317,-0.3615,100633.32,56051.525
84,000006.SZ,20210421,5.3298,5.4166,5.2431,5.3395,5.3298,0.009700000000000486,0.182,104796.14,58033.252
85,000006.SZ,20210420,5.3106,5.4069,5.272,5.3298,5.2913,0.03849999999999998,0.7276,123278.66,68448.48
86,000006.SZ,20210419,5.3395,5.3395,5.2527,5.2913,5.3009,-0.009600000000000719,-0.1811,96229.41,52824.322
87,000006.SZ,20210416,5.1853,5.3298,5.1756,5.3009,5.2045,0.09640000000000004,1.8522,142605.16,78061.755
88,000006.SZ,20210415,5.1274,5.2431,5.1178,5.2045,5.1467,0.057800000000000296,1.123,103403.46,55793.403
89,000006.SZ,20210414,5.0889,5.1564,5.0696,5.1467,5.0889,0.057800000000000296,1.1358,44003.05,23386.889
90,000006.SZ,20210413,5.1756,5.1949,5.0793,5.0889,5.1274,-0.03849999999999998,-0.7509,57698.45,30739.99
91,000006.SZ,20210412,5.1082,5.2238,5.0503,5.1274,5.1274,0.0,0.0,65861.12,35070.468
92,000006.SZ,20210409,5.1371,5.166,5.0696,5.1274,5.1371,-0.009700000000000486,-0.1888,59751.84,31707.316
93,000006.SZ,20210408,5.2527,5.272,5.1371,5.1371,5.272,-0.13490000000000002,-2.5588,86103.06,46424.208
94,000006.SZ,20210407,5.2142,5.2913,5.1853,5.272,5.2142,0.057800000000000296,1.1085,82477.12,44980.377
95,000006.SZ,20210406,5.2045,5.2624,5.1564,5.2142,5.1949,0.019300000000000317,0.3715,65496.19,35393.147
96,000006.SZ,20210402,5.2238,5.2335,5.166,5.1949,5.2238,-0.028900000000000148,-0.5532,54263.21,29246.661
97,000006.SZ,20210401,5.1756,5.2527,5.1371,5.2238,5.1853,0.03849999999999998,0.7425,78890.2,42447.063
98,000006.SZ,20210331,5.2142,5.2142,5.1564,5.1853,5.2045,-0.01920000000000055,-0.3689,59453.66,31990.371
99,000006.SZ,20210330,5.2238,5.2431,5.1564,5.2045,5.2431,-0.038599999999999746,-0.7362,73584.55,39621.237
100,000006.SZ,20210329,5.1371,5.2817,5.0889,5.2431,5.1274,0.11570000000000036,2.2565,118325.29,63747.85
101,000006.SZ,20210326,5.0793,5.1467,5.06,5.1274,5.0503,0.07709999999999972,1.5266,69375.52,36818.807
102,000006.SZ,20210325,5.0889,5.1082,5.0503,5.0503,5.0793,-0.028999999999999915,-0.5709,49300.36,25959.76
103,000006.SZ,20210324,5.0889,5.1371,5.0696,5.0793,5.0889,-0.009599999999999831,-0.1886,62977.98,33290.861
104,000006.SZ,20210323,5.1756,5.1756,5.0793,5.0889,5.1949,-0.10599999999999987,-2.0405,94766.77,50275.528
105,000006.SZ,20210322,5.1371,5.2142,5.1082,5.1949,5.166,0.02889999999999926,0.5594,84541.06,45380.855
106,000006.SZ,20210319,5.1467,5.2045,5.0793,5.166,5.166,0.0,0.0,124545.65,66669.245
107,000006.SZ,20210318,5.3298,5.3395,5.1564,5.166,5.3877,-0.22169999999999934,-4.1149,228057.73,123404.391
108,000006.SZ,20210317,5.2142,5.5419,5.1853,5.3877,5.2431,0.14459999999999962,2.7579,356609.04,200277.096
109,000006.SZ,20210316,5.0985,5.2431,5.0503,5.2431,5.0985,0.1446000000000005,2.8361,208545.5,112107.428
110,000006.SZ,20210315,5.0021,5.1564,4.9829,5.0985,4.9829,0.1155999999999997,2.3199,160059.73,84529.074
111,000006.SZ,20210312,4.9443,5.0118,4.8769,4.9829,4.9347,0.048199999999999577,0.9768,89833.72,46257.214
112,000006.SZ,20210311,4.819,4.9636,4.819,4.9347,4.819,0.11570000000000036,2.4009,81602.84,41563.82
113,000006.SZ,20210310,4.9058,4.9443,4.819,4.819,4.9154,-0.09640000000000004,-1.9612,71964.0,36324.359
114,000006.SZ,20210309,4.9925,5.0503,4.7901,4.9154,4.9636,-0.048199999999999577,-0.9711,115140.96,58792.06
115,000006.SZ,20210308,5.0118,5.06,4.9636,4.9636,4.9925,-0.028900000000000148,-0.5789,77597.9,40373.503
116,000006.SZ,20210305,4.9443,5.0021,4.9154,4.9925,4.9636,0.028900000000000148,0.5822,76700.93,39535.865
117,000006.SZ,20210304,4.9732,5.0311,4.954,4.9636,4.9829,-0.019300000000000317,-0.3873,73555.12,38083.893
118,000006.SZ,20210303,4.925,4.9925,4.8961,4.9829,4.9347,0.048199999999999577,0.9768,65130.42,33499.609
119,000006.SZ,20210302,5.0118,5.0793,4.9154,4.9347,5.0021,-0.06740000000000013,-1.3474,101953.94,52602.55
120,000006.SZ,20210301,4.9732,5.0407,4.954,5.0021,4.9732,0.028900000000000148,0.5811,63842.5,33082.064
121,000006.SZ,20210226,5.0985,5.1082,4.9732,4.9732,5.1949,-0.22169999999999934,-4.2676,164241.7,85582.107
122,000006.SZ,20210225,5.0214,5.3588,4.9732,5.1949,5.0214,0.17349999999999977,3.4552,323817.75,175495.428
123,000006.SZ,20210224,4.9154,5.0407,4.9154,5.0214,4.9154,0.10599999999999987,2.1565,105112.52,54520.606
124,000006.SZ,20210223,5.0118,5.0503,4.9058,4.9154,5.0118,-0.09640000000000004,-1.9235,82594.2,42537.271
125,000006.SZ,20210222,4.9443,5.1467,4.9443,5.0118,4.9443,0.0674999999999999,1.3652,147337.81,77331.574
126,000006.SZ,20210219,4.7901,4.9636,4.7708,4.9443,4.7997,0.1446000000000005,3.0127,95773.66,48632.883
127,000006.SZ,20210218,4.7034,4.8383,4.7034,4.7997,4.6745,0.12519999999999953,2.6784,70781.11,35119.062
128,000006.SZ,20210210,4.6552,4.6937,4.6455,4.6745,4.6648,0.009700000000000486,0.2079,39455.59,19117.135
129,000006.SZ,20210209,4.6166,4.6745,4.6166,4.6648,4.6359,0.02889999999999926,0.6234,44237.88,21345.522
130,000006.SZ,20210208,4.6166,4.7419,4.5973,4.6359,4.6263,0.009600000000000719,0.2075,49628.59,24068.484
131,000006.SZ,20210205,4.5395,4.6841,4.5395,4.6263,4.5684,0.05790000000000006,1.2674,53098.24,25435.945
132,000006.SZ,20210204,4.6937,4.7034,4.5299,4.5684,4.6841,-0.11570000000000036,-2.4701,54000.67,25720.028
133,000006.SZ,20210203,4.7708,4.8094,4.6745,4.6841,4.7805,-0.09640000000000004,-2.0165,41880.87,20426.58
134,000006.SZ,20210202,4.7419,4.8576,4.6841,4.7805,4.7516,0.028900000000000148,0.6082,45467.95,22587.406
135,000006.SZ,20210201,4.6745,4.7708,4.6648,4.7516,4.6841,0.0674999999999999,1.441,47604.31,23271.646
136,000006.SZ,20210129,4.8672,4.8961,4.6359,4.6841,4.8576,-0.17349999999999977,-3.5717,114645.1,56367.133
137,000006.SZ,20210128,4.8479,4.8961,4.8383,4.8576,4.8961,-0.03849999999999998,-0.7863,43479.46,21966.086
138,000006.SZ,20210127,4.8961,4.9732,4.8769,4.8961,4.8865,0.009599999999999831,0.1965,50286.79,25630.89
139,000006.SZ,20210126,4.9058,4.9636,4.8672,4.8865,4.8961,-0.009599999999999831,-0.1961,45153.76,22997.587
140,000006.SZ,20210125,4.9636,5.0021,4.8865,4.8961,4.9829,-0.08680000000000021,-1.742,73422.09,37475.537
141,000006.SZ,20210122,5.1371,5.1371,4.9732,4.9829,5.1371,-0.15420000000000034,-3.0017,91251.26,47531.144
142,000006.SZ,20210121,5.1178,5.1756,5.0985,5.1371,5.1467,-0.009599999999999831,-0.1865,55154.31,29415.81
143,000006.SZ,20210120,5.2238,5.2624,5.1178,5.1467,5.2624,-0.11570000000000036,-2.1986,86325.64,46269.316
144,000006.SZ,20210119,5.1371,5.3588,5.0793,5.2624,5.1467,0.11570000000000036,2.248,153848.61,83566.225
145,000006.SZ,20210118,5.06,5.2045,5.06,5.1467,5.0985,0.048200000000000465,0.9454,90086.6,47930.807
146,000006.SZ,20210115,5.0793,5.166,5.0503,5.0985,5.1274,-0.028900000000000148,-0.5636,82086.07,43429.917
147,000006.SZ,20210114,4.9154,5.1756,4.9154,5.1274,4.8961,0.23130000000000006,4.7242,161688.35,85244.242
148,000006.SZ,20210113,4.9443,4.9829,4.8383,4.8961,4.954,-0.05790000000000006,-1.1688,94631.52,48132.635
149,000006.SZ,20210112,4.954,5.0021,4.9154,4.954,4.9732,-0.01920000000000055,-0.3861,66033.62,33876.24
150,000006.SZ,20210111,5.0311,5.0985,4.9636,4.9732,5.0407,-0.0674999999999999,-1.3391,77583.07,40498.026
151,000006.SZ,20210108,5.0214,5.1082,4.8961,5.0407,5.0311,0.009599999999999831,0.1908,91080.84,47443.65
152,000006.SZ,20210107,5.1756,5.2527,5.0214,5.0311,5.1853,-0.15419999999999945,-2.9738,108091.06,57477.647
153,000006.SZ,20210106,5.2238,5.2527,5.166,5.1853,5.2431,-0.057800000000000296,-1.1024,71833.77,38731.871
154,000006.SZ,20210105,5.3009,5.3202,5.1949,5.2431,5.3202,-0.07709999999999972,-1.4492,85325.33,46377.9
155,000006.SZ,20210104,5.4359,5.4359,5.3009,5.3202,5.4069,-0.08670000000000044,-1.6035,81326.68,45029.73
156,000006.SZ,20201231,5.3491,5.4744,5.3202,5.4069,5.3395,0.06740000000000013,1.2623,69448.18,38950.839
157,000006.SZ,20201230,5.3106,5.3684,5.272,5.3395,5.3298,0.009700000000000486,0.182,46516.06,25711.743
158,000006.SZ,20201229,5.3009,5.4455,5.2817,5.3298,5.3009,0.02889999999999926,0.5452,55795.67,31047.827
159,000006.SZ,20201228,5.4166,5.4455,5.2817,5.3009,5.4455,-0.14459999999999962,-2.6554,70810.0,39156.753
160,000006.SZ,20201225,5.4455,5.5322,5.4262,5.4455,5.513,-0.0674999999999999,-1.2244,67918.09,38644.956
161,000006.SZ,20201224,5.513,5.5901,5.378,5.513,5.6672,-0.15420000000000034,-2.7209,160234.85,91274.412
162,000006.SZ,20201223,5.1853,5.6672,5.1178,5.6672,5.2238,0.44340000000000046,8.4881,202990.74,112613.26
163,000006.SZ,20201222,5.2624,5.2624,5.1178,5.2238,5.2913,-0.0674999999999999,-1.2757,85750.18,46122.544
164,000006.SZ,20201221,5.3009,5.3202,5.2431,5.2913,5.3202,-0.028900000000000148,-0.5432,50927.91,27940.502
165,000006.SZ,20201218,5.272,5.3298,5.2624,5.3202,5.3202,0.0,0.0,58599.83,32174.78
166,000006.SZ,20201217,5.2913,5.3202,5.166,5.3202,5.2913,0.028900000000000148,0.5462,53757.86,29251.162
167,000006.SZ,20201216,5.2913,5.378,5.2238,5.2913,5.3009,-0.009600000000000719,-0.1811,86235.67,47344.301
168,000006.SZ,20201215,5.1853,5.3009,5.1371,5.3009,5.1756,0.1253000000000002,2.421,62833.86,33883.648
169,000006.SZ,20201214,5.1274,5.2142,5.0985,5.1756,5.1274,0.048200000000000465,0.94,51863.16,27827.507
170,000006.SZ,20201211,5.2624,5.2913,5.0793,5.1274,5.2527,-0.1253000000000002,-2.3854,88241.08,47196.469
171,000006.SZ,20201210,5.3298,5.3298,5.2431,5.2527,5.3202,-0.0674999999999999,-1.2687,71665.5,39359.477
172,000006.SZ,20201209,5.4359,5.4551,5.3106,5.3202,5.4359,-0.11570000000000036,-2.1284,67644.06,37847.766
173,000006.SZ,20201208,5.4744,5.4937,5.4262,5.4359,5.4648,-0.028900000000000148,-0.5288,57241.75,32341.277
174,000006.SZ,20201207,5.5515,5.5708,5.4455,5.4648,5.5515,-0.08669999999999956,-1.5617,79479.72,45321.044
175,000006.SZ,20201204,5.5997,5.6093,5.5322,5.5515,5.6093,-0.057800000000000296,-1.0304,82105.92,47355.6
176,000006.SZ,20201203,5.5997,5.6383,5.5515,5.6093,5.619,-0.009699999999999598,-0.1726,105420.44,61184.213
177,000006.SZ,20201202,5.5804,5.6383,5.5322,5.619,5.5612,0.05779999999999941,1.0393,189605.76,110215.668
178,000006.SZ,20201201,5.513,5.5708,5.4551,5.5612,5.5226,0.038600000000000634,0.6989,113649.44,65155.42
179,000006.SZ,20201130,5.4744,5.6383,5.4648,5.5226,5.484,0.038599999999999746,0.7039,164171.89,94906.415
180,000006.SZ,20201127,5.4262,5.484,5.4166,5.484,5.4262,0.057800000000000296,1.0652,82982.01,46960.031
181,000006.SZ,20201126,5.4551,5.4744,5.4069,5.4262,5.4744,-0.048200000000000465,-0.8805,93863.8,52957.716
182,000006.SZ,20201125,5.5419,5.5997,5.4744,5.4744,5.5322,-0.05779999999999941,-1.0448,118792.0,68240.506
183,000006.SZ,20201124,5.5901,5.5997,5.5322,5.5322,5.5612,-0.029000000000000803,-0.5215,98847.0,57032.835
184,000006.SZ,20201123,5.5612,5.6093,5.4937,5.5612,5.5612,0.0,0.0,147243.63,84822.381
185,000006.SZ,20201120,5.5612,5.5804,5.5322,5.5612,5.5612,0.0,0.0,60921.28,35106.031
186,000006.SZ,20201119,5.5708,5.5901,5.5322,5.5612,5.5997,-0.03849999999999998,-0.6875,68807.15,39690.587
187,000006.SZ,20201118,5.5612,5.6286,5.5322,5.5997,5.5804,0.019300000000000317,0.3459,105937.87,61331.173
188,000006.SZ,20201117,5.4937,5.6093,5.4551,5.5804,5.513,0.06740000000000013,1.2226,142308.5,81844.436
189,000006.SZ,20201116,5.4551,5.5322,5.4166,5.513,5.4648,0.048199999999999577,0.882,98253.61,55925.628
190,000006.SZ,20201113,5.5226,5.5226,5.4455,5.4648,5.5322,-0.06739999999999924,-1.2183,96442.01,54809.109
191,000006.SZ,20201112,5.5322,5.5708,5.513,5.5322,5.5419,-0.009700000000000486,-0.175,62942.02,36123.473
192,000006.SZ,20201111,5.5419,5.6093,5.5226,5.5419,5.5708,-0.028900000000000148,-0.5188,104428.0,60140.357
193,000006.SZ,20201110,5.725,5.725,5.5515,5.5708,5.7346,-0.16380000000000017,-2.8563,196699.8,114704.157
194,000006.SZ,20201109,5.619,5.8214,5.6093,5.7346,5.619,0.11560000000000059,2.0573,340339.56,200520.35
195,000006.SZ,20201106,5.7154,5.7154,5.5997,5.619,5.7154,-0.09640000000000004,-1.6867,79367.21,46501.398
196,000006.SZ,20201105,5.6286,5.7539,5.5997,5.7154,5.5997,0.11569999999999947,2.0662,125926.14,74253.172
197,000006.SZ,20201104,5.6672,5.6864,5.5515,5.5997,5.6672,-0.0674999999999999,-1.1911,81939.89,47550.107
198,000006.SZ,20201103,5.619,5.6961,5.5708,5.6672,5.5612,0.10599999999999987,1.9061,85130.39,49885.328
199,000006.SZ,20201102,5.5226,5.6383,5.4937,5.5612,5.513,0.048200000000000465,0.8743,69325.53,40022.316
200,000006.SZ,20201030,5.6479,5.6672,5.5033,5.513,5.6286,-0.1155999999999997,-2.0538,96775.39,55979.277
201,000006.SZ,20201029,5.5226,5.6768,5.484,5.6286,5.5515,0.07709999999999972,1.3888,110408.57,64261.592
202,000006.SZ,20201028,5.6093,5.619,5.5226,5.5515,5.6093,-0.057800000000000296,-1.0304,82666.05,47683.574
203,000006.SZ,20201027,5.6575,5.6672,5.5708,5.6093,5.6768,-0.0674999999999999,-1.1891,97012.04,56490.084
204,000006.SZ,20201026,5.725,5.7443,5.6286,5.6768,5.7539,-0.07709999999999972,-1.34,97192.97,57420.999
205,000006.SZ,20201023,5.8599,5.8985,5.7443,5.7539,5.8792,-0.1253000000000002,-2.1312,139957.95,84189.067
206,000006.SZ,20201022,5.8503,5.8985,5.8021,5.8792,5.8792,0.0,0.0,80608.95,49123.549
207,000006.SZ,20201021,5.937,5.9563,5.8407,5.8792,5.9563,-0.07709999999999972,-1.2944,105764.91,64531.725
208,000006.SZ,20201020,5.9563,5.966,5.8792,5.9563,5.9949,-0.038600000000000634,-0.6439,107299.31,65899.415
209,000006.SZ,20201019,5.9852,6.1587,5.9756,5.9949,5.9756,0.019300000000000317,0.323,173834.37,109375.679
210,000006.SZ,20201016,5.9274,5.9949,5.8503,5.9756,5.937,0.038599999999999746,0.6502,212041.24,130452.821
211,000006.SZ,20201015,6.072,6.1105,5.8888,5.937,6.1587,-0.22169999999999934,-3.5998,357184.48,221354.768
212,000006.SZ,20201014,6.8237,6.843,6.1587,6.1587,6.843,-0.6843000000000004,-10.0,701778.97,462640.39
213,000006.SZ,20201013,6.8527,6.8623,6.6984,6.843,6.8816,-0.038599999999999746,-0.5609,312306.38,219662.55
214,000006.SZ,20201012,6.7466,7.0165,6.6599,6.8816,6.6117,0.2698999999999998,4.0822,677005.33,480858.066
215,000006.SZ,20201009,6.3322,6.6599,6.2647,6.6117,6.1973,0.41439999999999966,6.6868,422996.49,287082.997
216,000006.SZ,20200930,6.2165,6.3515,6.072,6.1973,6.2358,-0.03849999999999998,-0.6174,262248.02,169234.316
217,000006.SZ,20200929,5.9467,6.3129,5.9178,6.2358,5.9949,0.2408999999999999,4.0184,314071.18,200084.828
218,000006.SZ,20200928,6.2262,6.2262,5.9563,5.9949,5.9563,0.038600000000000634,0.6481,210074.63,131803.592
219,000006.SZ,20200925,6.1876,6.2165,5.937,5.9563,6.1587,-0.2023999999999999,-3.2864,193426.17,120809.152
220,000006.SZ,20200924,6.178,6.2165,6.0527,6.1587,6.1491,0.009599999999999831,0.1561,259943.53,165679.293
221,000006.SZ,20200923,5.9756,6.3997,5.8985,6.1491,5.937,0.2120999999999995,3.5725,447987.98,286400.558
222,000006.SZ,20200922,6.0527,6.1105,5.9274,5.937,6.072,-0.1349999999999998,-2.2233,228647.0,142437.012
223,000006.SZ,20200921,6.2262,6.2647,6.072,6.072,6.2358,-0.16380000000000017,-2.6268,470491.74,300861.196
224,000006.SZ,20200918,5.6575,6.2358,5.6479,6.2358,5.6672,0.5686,10.0332,665557.34,418036.243
225,000006.SZ,20200917,5.6672,5.7154,5.5901,5.6672,5.6864,-0.019199999999999662,-0.3376,145234.84,85077.355
226,000006.SZ,20200916,5.6479,5.7057,5.5708,5.6864,5.6575,0.028900000000000148,0.5108,170929.87,99831.275
227,000006.SZ,20200915,5.5804,5.7057,5.5515,5.6575,5.5901,0.06740000000000013,1.2057,161368.76,94073.159
228,000006.SZ,20200914,5.6575,5.6672,5.4937,5.5901,5.6479,-0.057800000000000296,-1.0234,171019.5,98865.737
229,000006.SZ,20200911,5.513,5.6575,5.484,5.6479,5.513,0.13490000000000002,2.4469,172705.26,100459.3
230,000006.SZ,20200910,5.6961,5.7443,5.4551,5.513,5.6093,-0.09630000000000027,-1.7168,213525.97,124120.424
231,000006.SZ,20200909,5.7732,5.8117,5.5997,5.6093,5.831,-0.22170000000000023,-3.8021,215798.79,127381.868
232,000006.SZ,20200908,5.8117,5.8599,5.7057,5.831,5.8117,0.019300000000000317,0.3321,190321.82,114240.099
233,000006.SZ,20200907,5.937,6.0238,5.7732,5.8117,5.937,-0.1253000000000002,-2.1105,241063.06,147790.018
234,000006.SZ,20200904,5.8117,5.9852,5.7154,5.937,5.8599,0.07710000000000061,1.3157,226727.42,138187.571
235,000006.SZ,20200903,5.9563,6.0431,5.8407,5.8599,5.9756,-0.11570000000000036,-1.9362,284058.14,174699.416
236,000006.SZ,20200902,6.1009,6.1491,5.9467,5.9756,6.0912,-0.1155999999999997,-1.8978,198942.1,123956.682
237,000006.SZ,20200901,6.1202,6.1491,5.9563,6.0912,6.1587,-0.0674999999999999,-1.096,306055.02,192083.706
238,000006.SZ,20200831,6.2647,6.3611,6.1491,6.1587,6.2551,-0.09640000000000004,-1.5411,279620.89,181628.218
239,000006.SZ,20200828,6.2262,6.3033,6.0816,6.2551,6.2262,0.02889999999999926,0.4642,330635.79,212647.928
240,000006.SZ,20200827,6.2551,6.6117,6.1202,6.2262,6.2165,0.009700000000000486,0.156,494265.59,321590.999
241,000006.SZ,20200826,6.8816,6.9008,6.1876,6.2165,6.8719,-0.6554000000000002,-9.5374,705629.11,471570.318
242,000006.SZ,20200825,7.0261,7.1032,6.8045,6.8719,6.9876,-0.11569999999999947,-1.6558,308988.49,221496.544
243,000006.SZ,20200824,7.1322,7.1322,6.8237,6.9876,7.1129,-0.1253000000000002,-1.7616,319239.59,230592.7
244,000006.SZ,20200821,7.0358,7.2671,6.949,7.1129,7.1129,0.0,0.0,390810.98,287765.754
245,000006.SZ,20200820,7.7297,7.7875,7.1129,7.1129,7.9032,-0.7903000000000002,-9.9997,615611.22,473114.774
246,000006.SZ,20200819,8.1731,8.3658,7.9032,7.9032,8.1731,-0.2698999999999998,-3.3023,474917.91,401884.082
247,000006.SZ,20200818,8.0574,8.2598,7.8454,8.1731,8.0574,0.11570000000000036,1.4359,488633.72,407949.11
248,000006.SZ,20200817,7.855,8.1249,7.749,8.0574,7.855,0.20239999999999903,2.5767,371658.36,307032.254
249,000006.SZ,20200814,7.7394,7.8936,7.6912,7.855,7.7779,0.07710000000000061,0.9913,245723.49,198997.303
250,000006.SZ,20200813,7.8454,7.8646,7.5659,7.7779,7.8357,-0.057800000000000296,-0.7376,267856.81,215546.557
251,000006.SZ,20200812,7.7875,8.096,7.7104,7.8357,7.7297,0.10599999999999987,1.3713,431048.91,352543.999
252,000006.SZ,20200811,8.2502,8.3658,7.6912,7.7297,8.2502,-0.5204999999999993,-6.3089,540566.21,450347.928
253,000006.SZ,20200810,7.9514,8.4815,7.7394,8.2502,8.0478,0.20239999999999903,2.515,607499.53,514455.912
254,000006.SZ,20200807,8.1538,8.3465,7.8839,8.0478,8.2502,-0.20239999999999903,-2.4533,517468.56,434773.504
255,000006.SZ,20200806,8.4429,8.7321,8.1634,8.2502,8.5008,-0.2506000000000004,-2.948,591253.12,512874.912
256,000006.SZ,20200805,8.5008,8.9537,7.9032,8.5008,8.7128,-0.21199999999999974,-2.4332,751889.7,661679.236
257,000006.SZ,20200804,9.0598,9.532,8.6839,8.7128,8.7803,-0.06750000000000078,-0.7688,1236809.32,1165980.534
258,000006.SZ,20200803,8.2887,8.7803,8.096,8.7803,7.9803,0.8000000000000007,10.0247,978090.12,864205.475
259,000006.SZ,20200731,7.4406,8.067,7.3249,7.9803,7.4695,0.5107999999999997,6.8385,644414.8,514899.391
260,000006.SZ,20200730,7.3249,7.5948,7.19,7.4695,7.2575,0.21199999999999974,2.9211,566904.33,436746.253
261,000006.SZ,20200729,6.9683,7.2864,6.8623,7.2575,6.9587,0.29879999999999995,4.2939,396943.33,293521.852
262,000006.SZ,20200728,7.0743,7.1322,6.8816,6.9587,6.9779,-0.019199999999999662,-0.2752,279972.84,202741.436
263,000006.SZ,20200727,6.9779,7.19,6.7948,6.9779,7.0551,-0.07720000000000038,-1.0942,367199.02,266011.021
264,000006.SZ,20200724,7.0743,7.6141,7.0358,7.0551,7.0647,-0.009599999999999831,-0.1359,688867.47,524221.475
265,000006.SZ,20200723,7.1803,7.2767,6.8816,7.0647,7.3249,-0.2602000000000002,-3.5523,390333.06,286199.569
266,000006.SZ,20200722,7.3056,7.6237,7.1996,7.3249,7.4598,-0.13490000000000002,-1.8084,638961.77,489648.318
267,000006.SZ,20200721,7.1514,7.508,7.0358,7.4598,7.1129,0.34690000000000065,4.8771,558489.68,419719.33
268,000006.SZ,20200720,6.9201,7.1996,6.9201,7.1129,6.8816,0.23130000000000006,3.3611,437542.96,320660.915
269,000006.SZ,20200717,6.8527,6.9683,6.6021,6.8816,6.8912,-0.009600000000000719,-0.1393,482524.16,340811.641
270,000006.SZ,20200716,7.2767,7.4598,6.8334,6.8912,7.5466,-0.6553999999999993,-8.6847,766442.41,570145.379
271,000006.SZ,20200715,8.3658,8.3658,7.5466,7.5466,8.3851,-0.8384999999999998,-9.9999,720553.09,589458.541
272,000006.SZ,20200714,8.6261,8.8285,8.202,8.3851,8.7995,-0.41440000000000055,-4.7094,852146.76,747980.309
273,000006.SZ,20200713,8.2502,8.8381,7.9514,8.7995,8.2502,0.5493000000000006,6.658,1343326.21,1160680.007
274,000006.SZ,20200710,7.5177,8.2791,7.5177,8.2502,7.5273,0.7228999999999992,9.6037,1194196.41,1007269.099
275,000006.SZ,20200709,7.3827,7.6526,7.3346,7.5273,7.3731,0.15420000000000034,2.0914,805824.15,625467.938
276,000006.SZ,20200708,7.2767,7.3731,7.0647,7.3731,7.402,-0.028900000000000148,-0.3904,778931.86,583999.558
277,000006.SZ,20200707,7.3346,7.7972,7.2575,7.402,7.402,0.0,0.0,987912.51,765066.871
278,000006.SZ,20200706,7.1611,7.643,7.1418,7.402,7.2382,0.16380000000000017,2.263,1113865.8,855988.513
279,000006.SZ,20200703,7.2093,7.3731,6.9972,7.2382,7.2093,0.028900000000000148,0.4009,881687.21,656871.65
280,000006.SZ,20200702,7.4406,7.9032,7.1225,7.2093,7.2189,-0.009599999999999831,-0.133,1421461.14,1097941.755
281,000006.SZ,20200701,6.4479,7.2189,6.4189,7.2189,6.5635,0.6553999999999993,9.9855,1057800.82,777350.083
282,000006.SZ,20200630,6.2936,6.6117,6.2358,6.5635,6.3515,0.21200000000000063,3.3378,570091.73,378398.624
283,000006.SZ,20200629,6.0623,6.4864,5.9949,6.3515,6.1105,0.24099999999999966,3.944,623050.45,406075.354
284,000006.SZ,20200624,6.0527,6.1587,5.8503,6.1105,6.0141,0.09640000000000004,1.6029,469142.47,291715.574
285,000006.SZ,20200623,5.831,6.2165,5.7636,6.0141,5.8503,0.16380000000000017,2.7999,606091.84,377270.148
286,000006.SZ,20200622,5.8503,5.966,5.7057,5.8503,5.831,0.01929999999999943,0.331,434114.57,262840.857
287,000006.SZ,20200619,5.6961,5.8792,5.5901,5.831,5.8407,-0.009699999999999598,-0.1661,537405.36,321053.935
288,000006.SZ,20200618,5.7057,6.0816,5.6864,5.8407,5.6864,0.1543000000000001,2.7135,752964.6,456802.231
289,000006.SZ,20200617,5.6209,6.0886,5.5274,5.6864,5.7145,-0.028100000000000236,-0.4917,785454.31,482363.315
290,000006.SZ,20200616,5.5929,5.8641,5.3778,5.7145,5.4526,0.2618999999999998,4.8032,914792.57,550231.07
291,000006.SZ,20200615,5.0224,5.4526,4.9756,5.4526,4.9569,0.49570000000000025,10.0002,607707.08,347914.227
292,000006.SZ,20200612,4.7231,5.0224,4.6857,4.9569,4.7979,0.1589999999999998,3.3139,405789.65,212563.335
293,000006.SZ,20200611,4.8353,4.9382,4.7699,4.7979,4.854,-0.05609999999999982,-1.1557,185046.88,95763.235
294,000006.SZ,20200610,4.7792,4.9101,4.7512,4.854,4.7512,0.10280000000000022,2.1637,158473.29,81877.921
295,000006.SZ,20200609,4.8447,4.8447,4.7512,4.7512,4.8634,-0.11220000000000052,-2.307,139947.15,71479.532
296,000006.SZ,20200608,4.7792,5.0037,4.7231,4.8634,4.7512,0.11220000000000052,2.3615,245556.28,127431.461
297,000006.SZ,20200605,4.7699,4.8447,4.7231,4.7512,4.7886,-0.03739999999999988,-0.781,118678.78,60367.799
298,000006.SZ,20200604,4.7699,4.9101,4.7418,4.7886,4.8073,-0.01869999999999994,-0.389,186693.17,96510.723
299,000006.SZ,20200603,4.6763,4.9195,4.6389,4.8073,4.7231,0.08420000000000005,1.7827,301831.08,153515.101
300,000006.SZ,20200602,4.5828,4.8914,4.5735,4.7231,4.5547,0.16839999999999922,3.6973,289074.47,147185.11
301,000006.SZ,20200601,4.536,4.5735,4.508,4.5547,4.4986,0.056100000000000705,1.2471,116589.79,56691.719
302,000006.SZ,20200529,4.4799,4.5735,4.4612,4.4986,4.4986,0.0,0.0,77826.85,37452.963
303,000006.SZ,20200528,4.4986,4.5547,4.4425,4.4986,4.4799,0.01869999999999994,0.4174,64477.85,31022.664
304,000006.SZ,20200527,4.4893,4.508,4.4612,4.4799,4.508,-0.028100000000000236,-0.6233,55290.44,26524.836
305,000006.SZ,20200526,4.4238,4.5547,4.4145,4.508,4.4145,0.0934999999999997,2.118,109947.57,52868.994
306,000006.SZ,20200525,4.377,4.4332,4.3396,4.4145,4.377,0.03750000000000053,0.8568,43677.71,20552.589
307,000006.SZ,20200522,4.4706,4.4893,4.3677,4.377,4.4799,-0.10289999999999999,-2.2969,86031.71,40639.782
308,000006.SZ,20200521,4.508,4.536,4.4799,4.4799,4.5267,-0.046800000000000175,-1.0339,64666.95,31192.302
309,000006.SZ,20200520,4.5547,4.5547,4.4893,4.5267,4.5267,0.0,0.0,78342.01,37761.261
310,000006.SZ,20200519,4.5547,4.5828,4.5267,4.5267,4.536,-0.009299999999999642,-0.205,67717.07,32919.19
311,000006.SZ,20200518,4.5922,4.5922,4.508,4.536,4.6109,-0.07490000000000041,-1.6244,104423.26,50731.055
312,000006.SZ,20200515,4.6483,4.7699,4.6015,4.6109,4.5922,0.01869999999999994,0.4072,168821.34,84371.498
313,000006.SZ,20200514,4.5828,4.695,4.4893,4.5922,4.6015,-0.009299999999999642,-0.2021,121560.36,59942.356
314,000006.SZ,20200513,4.5641,4.6202,4.4799,4.6015,4.5735,0.02799999999999958,0.6122,106915.67,52078.204
315,000006.SZ,20200512,4.6296,4.6576,4.5735,4.5735,4.6202,-0.04669999999999952,-1.0108,64270.26,31600.828
316,000006.SZ,20200511,4.6109,4.6483,4.6015,4.6202,4.6202,0.0,0.0,79487.9,39260.35
317,000006.SZ,20200508,4.6483,4.6483,4.6015,4.6202,4.6202,0.0,0.0,75699.53,37428.859
318,000006.SZ,20200507,4.6576,4.667,4.5641,4.6202,4.6483,-0.028100000000000236,-0.6045,140618.2,69305.44
319,000006.SZ,20200506,4.6389,4.6763,4.5454,4.6483,4.667,-0.01869999999999994,-0.4007,131957.82,64995.863
320,000006.SZ,20200430,4.5922,4.695,4.5922,4.667,4.6296,0.03739999999999988,0.8078,120552.8,59937.83
321,000006.SZ,20200429,4.6015,4.6389,4.508,4.6296,4.5735,0.05609999999999982,1.2266,109545.67,53692.072
322,000006.SZ,20200428,4.7324,4.7792,4.5454,4.5735,4.7231,-0.1495999999999995,-3.1674,180130.81,89142.736
323,000006.SZ,20200427,4.8166,4.8914,4.7044,4.7231,4.7605,-0.037400000000000766,-0.7856,216733.0,110909.159
324,000006.SZ,20200424,4.826,4.9289,4.7231,4.7605,4.7699,-0.009399999999999409,-0.1971,338573.39,174128.301
325,000006.SZ,20200423,4.7418,4.8727,4.667,4.7699,4.7605,0.009399999999999409,0.1975,361607.47,185269.363
326,000006.SZ,20200422,4.3022,4.7605,4.2555,4.7605,4.3303,0.43020000000000014,9.9346,477934.97,234374.671
327,000006.SZ,20200421,4.3303,4.3396,4.2555,4.3303,4.349,-0.01869999999999994,-0.43,82383.81,37884.092
328,000006.SZ,20200420,4.3209,4.3583,4.2929,4.349,4.3303,0.01869999999999994,0.4318,84890.38,39323.745
329,000006.SZ,20200417,4.3583,4.3677,4.3022,4.3303,4.3303,0.0,0.0,84154.79,38999.426
330,000006.SZ,20200416,4.3209,4.3583,4.3022,4.3303,4.3209,0.009400000000000297,0.2175,87141.45,40349.643
331,000006.SZ,20200415,4.3583,4.3677,4.3209,4.3209,4.377,-0.05609999999999982,-1.2817,64598.72,29993.967
332,000006.SZ,20200414,4.349,4.4051,4.3209,4.377,4.3116,0.06539999999999946,1.5168,96383.13,44988.949
333,000006.SZ,20200413,4.3677,4.3677,4.2835,4.3116,4.3864,-0.07479999999999976,-1.7053,80185.0,37122.671
334,000006.SZ,20200410,4.3864,4.4051,4.3209,4.3864,4.3677,0.01869999999999994,0.4281,108354.62,50502.011
335,000006.SZ,20200409,4.3677,4.4238,4.3583,4.3677,4.3396,0.028100000000000236,0.6475,94042.66,44142.235
336,000006.SZ,20200408,4.349,4.377,4.3209,4.3396,4.3957,-0.05609999999999982,-1.2762,98899.71,45951.227
337,000006.SZ,20200407,4.349,4.4332,4.3209,4.3957,4.4238,-0.028100000000000236,-0.6352,190892.78,89424.746
338,000006.SZ,20200403,4.2087,4.5454,4.1526,4.4238,4.218,0.20579999999999998,4.8791,236371.87,109951.678
339,000006.SZ,20200402,4.1432,4.218,4.1152,4.218,4.1432,0.07479999999999976,1.8054,83806.6,37459.22
340,000006.SZ,20200401,4.1806,4.2368,4.1152,4.1432,4.19,-0.046800000000000175,-1.1169,66823.54,29910.411
341,000006.SZ,20200331,4.2648,4.2648,4.1526,4.19,4.218,-0.02799999999999958,-0.6638,83251.07,37408.546
342,000006.SZ,20200330,4.2742,4.2742,4.1619,4.218,4.2835,-0.06550000000000011,-1.5291,89247.93,40143.894
343,000006.SZ,20200327,4.3022,4.3583,4.2461,4.2835,4.2461,0.03739999999999988,0.8808,119767.05,55146.649
344,000006.SZ,20200326,4.3116,4.3116,4.2274,4.2461,4.3303,-0.08420000000000005,-1.9444,83368.92,37974.625
345,000006.SZ,20200325,4.3022,4.3864,4.218,4.3303,4.2274,0.10289999999999999,2.4341,149640.92,68692.168
346,000006.SZ,20200324,4.1993,4.2742,4.1619,4.2274,4.1619,0.06550000000000011,1.5738,91821.41,41527.344
347,000006.SZ,20200323,4.218,4.2742,4.1339,4.1619,4.3209,-0.1589999999999998,-3.6798,90296.4,40588.595
348,000006.SZ,20200320,4.3209,4.349,4.2648,4.3209,4.2742,0.04669999999999952,1.0926,86336.51,39715.003
349,000006.SZ,20200319,4.2555,4.3303,4.1713,4.2742,4.2742,0.0,0.0,100723.35,45746.708
350,000006.SZ,20200318,4.3957,4.4706,4.2648,4.2742,4.377,-0.10279999999999934,-2.3486,130662.84,61166.085
351,000006.SZ,20200317,4.4332,4.536,4.3022,4.377,4.4425,-0.06550000000000011,-1.4744,158157.48,74351.113
352,000006.SZ,20200316,4.536,4.7044,4.4051,4.4425,4.4706,-0.028100000000000236,-0.6286,251464.27,122778.381
353,000006.SZ,20200313,4.218,4.4986,4.218,4.4706,4.4612,0.009400000000000297,0.2107,167326.83,77999.123
354,000006.SZ,20200312,4.5173,4.5173,4.4332,4.4612,4.5641,-0.10289999999999999,-2.2546,114936.75,54974.257
355,000006.SZ,20200311,4.5641,4.6202,4.4986,4.5641,4.536,0.028100000000000236,0.6195,155594.9,75928.319
356,000006.SZ,20200310,4.4332,4.5828,4.4051,4.536,4.4893,0.04669999999999952,1.0403,153994.26,74138.17
357,000006.SZ,20200309,4.5641,4.5922,4.4799,4.4893,4.6296,-0.14029999999999987,-3.0305,156353.43,75672.373
358,000006.SZ,20200306,4.7231,4.7324,4.6202,4.6296,4.7605,-0.13090000000000046,-2.7497,159900.83,79629.365
359,000006.SZ,20200305,4.6763,4.7979,4.6576,4.7605,4.7699,-0.009399999999999409,-0.1971,252866.77,128199.07
360,000006.SZ,20200304,4.7324,4.8634,4.5735,4.7699,4.7324,0.037499999999999645,0.7924,387180.13,194820.388
361,000006.SZ,20200303,4.5641,4.854,4.4706,4.7324,4.508,0.22440000000000015,4.9778,269900.64,132530.415
362,000006.SZ,20200302,4.3303,4.5454,4.3303,4.508,4.3303,0.17769999999999975,4.1036,153520.44,73647.4
363,000006.SZ,20200228,4.3957,4.4799,4.2835,4.3303,4.4799,-0.1495999999999995,-3.3394,139281.66,65017.802
364,000006.SZ,20200227,4.5454,4.5828,4.4425,4.4799,4.5267,-0.046800000000000175,-1.0339,112834.48,54418.37
365,000006.SZ,20200226,4.3583,4.6483,4.3583,4.5267,4.4332,0.0934999999999997,2.1091,224285.21,108985.326
366,000006.SZ,20200225,4.4425,4.4706,4.3209,4.4332,4.508,-0.07479999999999976,-1.6593,153985.9,72623.133
367,000006.SZ,20200224,4.5173,4.5547,4.4519,4.508,4.5735,-0.06550000000000011,-1.4322,144356.32,69508.252
368,000006.SZ,20200221,4.536,4.6109,4.5173,4.5735,4.5641,0.009400000000000297,0.206,108504.29,52946.623
369,000006.SZ,20200220,4.5267,4.5828,4.4893,4.5641,4.5267,0.03739999999999988,0.8262,106733.32,51801.721
370,000006.SZ,20200219,4.508,4.6015,4.4799,4.5267,4.4986,0.028100000000000236,0.6246,122998.11,59758.927
371,000006.SZ,20200218,4.508,4.5641,4.4706,4.4986,4.5267,-0.028100000000000236,-0.6208,101741.47,48939.037
372,000006.SZ,20200217,4.4051,4.536,4.3957,4.5267,4.4145,0.11219999999999963,2.5416,123889.03,59233.568
373,000006.SZ,20200214,4.3583,4.4332,4.3209,4.4145,4.3583,0.05620000000000047,1.2895,92986.82,43552.076
374,000006.SZ,20200213,4.3864,4.4706,4.3116,4.3583,4.3677,-0.009400000000000297,-0.2152,96054.45,45089.536
375,000006.SZ,20200212,4.3677,4.3957,4.3022,4.3677,4.3583,0.009400000000000297,0.2157,85351.42,39676.735
376,000006.SZ,20200211,4.2835,4.4332,4.2835,4.3583,4.2929,0.06539999999999946,1.5234,141387.11,66000.391
377,000006.SZ,20200210,4.1806,4.3022,4.1619,4.2929,4.2274,0.06550000000000011,1.5494,98488.52,44806.847
378,000006.SZ,20200207,4.2742,4.2835,4.1713,4.2274,4.2648,-0.03739999999999988,-0.8769,114679.52,51626.397
379,000006.SZ,20200206,4.2368,4.2742,4.1526,4.2648,4.2087,0.05609999999999982,1.333,92274.38,41680.544
380,000006.SZ,20200205,4.1619,4.3116,4.1339,4.2087,4.1526,0.056100000000000705,1.351,111011.51,50130.04
381,000006.SZ,20200204,3.9375,4.2274,3.9375,4.1526,4.2742,-0.12160000000000082,-2.845,153383.33,67924.347
382,000006.SZ,20200203,4.2742,4.2742,4.2742,4.2742,4.7512,-0.4769999999999994,-10.0396,38263.0,17486.191
383,000006.SZ,20200123,4.8914,4.8914,4.7137,4.7512,4.9195,-0.16830000000000034,-3.4211,132357.1,67834.76
384,000006.SZ,20200122,4.9008,4.9289,4.8353,4.9195,4.9008,0.01869999999999994,0.3816,75828.95,39634.716
385,000006.SZ,20200121,5.013,5.0224,4.854,4.9008,5.0224,-0.12159999999999993,-2.4212,122710.13,64672.119
386,000006.SZ,20200120,4.9943,5.0411,4.9476,5.0224,5.0037,0.01869999999999994,0.3737,80797.53,43253.649
387,000006.SZ,20200117,5.0598,5.0691,4.9943,5.0037,5.0411,-0.03739999999999988,-0.7419,49449.61,26615.852
388,000006.SZ,20200116,5.1159,5.1159,5.0224,5.0411,5.1159,-0.07479999999999976,-1.4621,83725.65,45298.251
389,000006.SZ,20200115,5.144,5.1533,5.0411,5.1159,5.144,-0.028100000000000236,-0.5463,89293.87,48605.65
390,000006.SZ,20200114,5.1907,5.1907,5.1159,5.144,5.172,-0.02799999999999958,-0.5414,100943.8,55579.117
391,000006.SZ,20200113,5.1159,5.1814,5.0691,5.172,5.1066,0.06539999999999946,1.2807,114748.68,63029.064
392,000006.SZ,20200110,5.1253,5.2001,5.0785,5.1066,5.1159,-0.009299999999999642,-0.1818,134646.41,73756.328
393,000006.SZ,20200109,5.0785,5.1533,5.0504,5.1159,5.0411,0.07479999999999976,1.4838,80927.78,44163.03
394,000006.SZ,20200108,5.1253,5.1253,5.0317,5.0411,5.1346,-0.0934999999999997,-1.821,107198.39,58202.404
395,000006.SZ,20200107,5.1066,5.172,5.0878,5.1346,5.1066,0.02799999999999958,0.5483,87271.72,47801.845
396,000006.SZ,20200106,5.0972,5.144,5.0504,5.1066,5.1253,-0.01869999999999994,-0.3649,107137.35,58411.416
397,000006.SZ,20200103,5.0504,5.1814,5.0411,5.1253,5.0504,0.07490000000000041,1.4831,165651.93,90465.551
398,000006.SZ,20200102,5.0785,5.0972,5.0224,5.0504,5.013,0.03739999999999988,0.7461,124751.76,67452.865
399,000006.SZ,20191231,4.9943,5.0224,4.9569,5.013,4.9756,0.03739999999999988,0.7517,61604.0,32918.821
400,000006.SZ,20191230,4.9101,4.9943,4.9101,4.9756,4.9289,0.04670000000000041,0.9475,89981.41,47759.848
401,000006.SZ,20191227,4.9476,5.0037,4.9195,4.9289,4.9476,-0.018700000000000827,-0.378,78892.6,41878.653
402,000006.SZ,20191226,4.9101,4.9756,4.8727,4.9476,4.9008,0.046800000000000175,0.9549,81825.63,43241.477
403,000006.SZ,20191225,4.9289,4.9289,4.854,4.9008,4.9289,-0.028099999999999348,-0.5701,72595.57,38005.508
404,000006.SZ,20191224,4.9382,4.9476,4.8914,4.9289,4.9101,0.018799999999999706,0.3829,57879.6,30448.893
405,000006.SZ,20191223,5.0224,5.0411,4.9101,4.9101,5.0224,-0.11230000000000029,-2.236,82107.01,43671.354
406,000006.SZ,20191220,5.0317,5.1159,5.013,5.0224,5.0504,-0.02799999999999958,-0.5544,88651.69,47936.706
407,000006.SZ,20191219,5.0411,5.0598,5.013,5.0504,5.013,0.03739999999999988,0.7461,69219.66,37303.093
408,000006.SZ,20191218,5.0317,5.0785,5.013,5.013,5.0411,-0.028100000000000236,-0.5574,90776.7,48910.894
409,000006.SZ,20191217,4.9476,5.0972,4.9289,5.0411,4.9569,0.08420000000000005,1.6986,175385.76,94156.966
410,000006.SZ,20191216,4.9195,4.9663,4.8821,4.9569,4.8914,0.06550000000000011,1.3391,95717.83,50425.043
411,000006.SZ,20191213,4.854,4.9101,4.8447,4.8914,4.8353,0.05609999999999982,1.1602,85651.24,44748.35
412,000006.SZ,20191212,4.9101,4.9101,4.826,4.8353,4.9476,-0.11230000000000029,-2.2698,99830.28,52005.317
413,000006.SZ,20191211,4.9008,4.9663,4.8353,4.9476,4.8634,0.08420000000000005,1.7313,140023.37,73458.082
414,000006.SZ,20191210,4.9008,4.9008,4.826,4.8634,4.8821,-0.01869999999999994,-0.383,56236.09,29197.183
415,000006.SZ,20191209,4.854,4.9101,4.8447,4.8821,4.854,0.028100000000000236,0.5789,82527.67,43081.0
416,000006.SZ,20191206,4.8166,4.854,4.7979,4.854,4.8166,0.03739999999999988,0.7765,63620.14,32869.283
417,000006.SZ,20191205,4.8166,4.8353,4.7886,4.8166,4.8073,0.00930000000000053,0.1935,54336.02,27968.116
418,000006.SZ,20191204,4.7979,4.8166,4.7605,4.8073,4.8166,-0.00930000000000053,-0.1931,62324.74,31898.49
419,000006.SZ,20191203,4.7979,4.8447,4.7699,4.8166,4.826,-0.009399999999999409,-0.1948,63030.46,32351.492
420,000006.SZ,20191202,4.7792,4.985,4.7605,4.826,4.7886,0.03739999999999988,0.781,130290.51,67710.617
421,000006.SZ,20191129,4.8073,4.826,4.7512,4.7886,4.7979,-0.00930000000000053,-0.1938,41623.09,21296.194
422,000006.SZ,20191128,4.8166,4.8353,4.7886,4.7979,4.8073,-0.009399999999999409,-0.1955,27472.95,14129.908
423,000006.SZ,20191127,4.8073,4.854,4.7886,4.8073,4.8073,0.0,0.0,38321.87,19777.532
424,000006.SZ,20191126,4.8634,4.8727,4.7792,4.8073,4.8634,-0.056100000000000705,-1.1535,44600.0,22948.671
425,000006.SZ,20191125,4.7886,4.8821,4.7512,4.8634,4.7886,0.07480000000000064,1.562,63296.29,32707.286
426,000006.SZ,20191122,4.7792,4.8447,4.7418,4.7886,4.7605,0.028099999999999348,0.5903,48495.51,24845.083
427,000006.SZ,20191121,4.7792,4.7979,4.7324,4.7605,4.7886,-0.028099999999999348,-0.5868,31148.15,15879.639
428,000006.SZ,20191120,4.826,4.826,4.7605,4.7886,4.826,-0.03739999999999988,-0.775,39580.92,20270.213
429,000006.SZ,20191119,4.7512,4.826,4.7231,4.826,4.7512,0.07479999999999976,1.5743,37517.16,19242.638
430,000006.SZ,20191118,4.7231,4.7792,4.6857,4.7512,4.7324,0.018799999999999706,0.3973,40357.45,20471.115
431,000006.SZ,20191115,4.7512,4.7699,4.6763,4.7324,4.7699,-0.037499999999999645,-0.7862,50569.25,25539.165
432,000006.SZ,20191114,4.7886,4.7979,4.7418,4.7699,4.7418,0.028100000000000236,0.5926,34619.73,17641.526
433,000006.SZ,20191113,4.8353,4.8353,4.7324,4.7418,4.7979,-0.056100000000000705,-1.1693,38601.0,19707.518
434,000006.SZ,20191112,4.7979,4.854,4.7699,4.7979,4.8073,-0.009399999999999409,-0.1955,39207.25,20131.891
435,000006.SZ,20191111,4.8821,4.9101,4.8073,4.8073,4.9382,-0.13090000000000046,-2.6508,52030.05,26963.549
436,000006.SZ,20191108,4.9195,5.0037,4.9101,4.9382,4.8821,0.05609999999999982,1.1491,71865.82,38093.292
437,000006.SZ,20191107,4.8821,4.9289,4.8634,4.8821,4.9008,-0.01869999999999994,-0.3816,32754.88,17143.66
438,000006.SZ,20191106,4.9382,4.9382,4.854,4.9008,4.9195,-0.01869999999999994,-0.3801,46271.91,24211.597
439,000006.SZ,20191105,4.9476,4.9756,4.8727,4.9195,4.9476,-0.028100000000000236,-0.568,53267.45,28065.642
440,000006.SZ,20191104,5.0224,5.0691,4.9008,4.9476,5.013,-0.06539999999999946,-1.3046,86508.1,45973.451
441,000006.SZ,20191101,4.8914,5.0224,4.8353,5.013,4.8914,0.12159999999999993,2.486,137652.33,73052.677
442,000006.SZ,20191031,4.8634,4.9008,4.8166,4.8914,4.8821,0.009299999999999642,0.1905,74731.45,38893.659
443,000006.SZ,20191030,4.8353,4.9569,4.8353,4.8821,4.8073,0.07480000000000064,1.556,133783.77,69991.786
444,000006.SZ,20191029,4.8634,4.8634,4.8073,4.8073,4.854,-0.04670000000000041,-0.9621,31770.33,16389.461
445,000006.SZ,20191028,4.8073,4.854,4.7886,4.854,4.7886,0.06540000000000035,1.3657,62913.84,32489.296
446,000006.SZ,20191025,4.7605,4.7979,4.7324,4.7886,4.7605,0.028099999999999348,0.5903,30539.31,15584.0
447,000006.SZ,20191024,4.7512,4.7699,4.7137,4.7605,4.7605,0.0,0.0,30760.94,15604.702
448,000006.SZ,20191023,4.7605,4.7979,4.695,4.7605,4.7792,-0.01869999999999994,-0.3913,45777.0,23249.277
449,000006.SZ,20191022,4.7418,4.7792,4.7231,4.7792,4.7418,0.037400000000000766,0.7887,33220.02,16879.552
450,000006.SZ,20191021,4.7512,4.7512,4.7044,4.7418,4.7324,0.009399999999999409,0.1986,41958.38,21219.338
451,000006.SZ,20191018,4.826,4.8353,4.7137,4.7324,4.826,-0.09359999999999946,-1.9395,52872.92,26966.216
452,000006.SZ,20191017,4.854,4.8634,4.8166,4.826,4.854,-0.02800000000000047,-0.5768,31862.95,16494.527
453,000006.SZ,20191016,4.8634,4.9382,4.826,4.854,4.8821,-0.028100000000000236,-0.5756,93380.29,48724.141
454,000006.SZ,20191015,4.8821,4.9289,4.826,4.8821,4.8821,0.0,0.0,57875.3,30115.542
455,000006.SZ,20191014,4.8447,4.9101,4.826,4.8821,4.8166,0.06550000000000011,1.3599,63324.73,33039.547
456,000006.SZ,20191011,4.7979,4.826,4.7605,4.8166,4.7886,0.02800000000000047,0.5847,44224.66,22662.686
457,000006.SZ,20191010,4.7979,4.8166,4.7605,4.7886,4.7979,-0.00930000000000053,-0.1938,45179.3,23113.723
458,000006.SZ,20191009,4.7044,4.8166,4.695,4.7979,4.7324,0.06550000000000011,1.3841,55301.23,28240.403
459,000006.SZ,20191008,4.7137,4.7699,4.6857,4.7324,4.7044,0.02800000000000047,0.5952,42646.54,21595.134
460,000006.SZ,20190930,4.7605,4.7886,4.7044,4.7044,4.7699,-0.06550000000000011,-1.3732,40795.17,20667.547
461,000006.SZ,20190927,4.7886,4.7886,4.7512,4.7699,4.7699,0.0,0.0,57091.9,29137.187
462,000006.SZ,20190926,4.9101,4.9476,4.7605,4.7699,4.9195,-0.1496000000000004,-3.041,106007.98,54790.163
463,000006.SZ,20190925,4.9943,5.0224,4.9101,4.9195,4.9382,-0.01869999999999994,-0.3787,101266.42,53683.925
464,000006.SZ,20190924,4.985,5.0317,4.9382,4.9382,5.0317,-0.0934999999999997,-1.8582,85227.33,45378.871
465,000006.SZ,20190923,4.9943,5.0504,4.8727,5.0317,4.9756,0.05609999999999982,1.1275,136997.47,72599.425
466,000006.SZ,20190920,4.985,5.0224,4.9569,4.9756,4.9943,-0.01869999999999994,-0.3744,51745.06,27568.792
467,000006.SZ,20190919,5.013,5.0504,4.9476,4.9943,5.013,-0.01869999999999994,-0.373,62087.54,33029.085
468,000006.SZ,20190918,5.013,5.0504,5.013,5.013,5.013,0.0,0.0,49065.44,26367.517
469,000006.SZ,20190917,5.144,5.144,5.0037,5.013,5.1346,-0.12159999999999993,-2.3682,76603.17,41530.534
470,000006.SZ,20190916,5.1907,5.1907,5.1066,5.1346,5.1814,-0.046800000000000175,-0.9032,88414.15,48606.529
471,000006.SZ,20190912,5.1533,5.2094,5.144,5.1814,5.144,0.03739999999999988,0.7271,100397.24,55528.641
472,000006.SZ,20190911,5.2001,5.2188,5.1346,5.144,5.2001,-0.05609999999999982,-1.0788,99774.02,55169.187
473,000006.SZ,20190910,5.2001,5.2375,5.144,5.2001,5.2094,-0.009299999999999642,-0.1785,131332.96,72936.139
474,000006.SZ,20190909,5.2281,5.2281,5.144,5.2094,5.1814,0.02799999999999958,0.5404,153097.31,84918.464
475,000006.SZ,20190906,5.172,5.2843,5.1627,5.1814,5.172,0.009400000000000297,0.1817,162648.59,90755.746
476,000006.SZ,20190905,5.2375,5.2936,5.1533,5.172,5.2749,-0.10289999999999999,-1.9507,298355.3,166868.315
477,000006.SZ,20190904,5.0598,5.3965,5.0411,5.2749,5.0972,0.17769999999999975,3.4862,421665.66,233749.055
478,000006.SZ,20190903,5.0037,5.2655,4.9943,5.0972,5.0224,0.07479999999999976,1.4893,206440.51,113230.044
479,000006.SZ,20190902,4.9569,5.0785,4.9195,5.0224,4.9569,0.06550000000000011,1.3214,106693.14,57036.124
480,000006.SZ,20190830,5.0785,5.1066,4.9195,4.9569,5.0691,-0.11219999999999963,-2.2134,128738.04,68793.58
481,000006.SZ,20190829,4.985,5.1907,4.9663,5.0691,5.013,0.05609999999999982,1.1191,191575.64,103909.78
482,000006.SZ,20190828,4.9943,5.0224,4.9569,5.013,5.0224,-0.009400000000000297,-0.1872,102371.66,54613.539
483,000006.SZ,20190827,5.0504,5.0878,4.9943,5.0224,5.0411,-0.01869999999999994,-0.371,145300.16,78316.54
484,000006.SZ,20190826,4.9101,5.0504,4.8914,5.0411,5.0785,-0.03739999999999988,-0.7364,140087.02,74735.741
485,000006.SZ,20190823,5.1814,5.1814,5.0598,5.0785,5.1907,-0.11219999999999963,-2.1616,176676.12,96356.142
486,000006.SZ,20190822,5.1627,5.303,5.144,5.1907,5.1346,0.05609999999999982,1.0926,342059.67,190954.149
487,000006.SZ,20190821,5.0878,5.2188,4.9382,5.1346,5.1814,-0.046800000000000175,-0.9032,362961.04,197239.179
488,000006.SZ,20190820,5.5087,5.5087,5.1253,5.1814,5.0598,0.12159999999999993,2.4033,648221.21,370814.196
489,000006.SZ,20190819,5.0598,5.0598,5.0598,5.0598,4.6015,0.4583000000000004,9.9598,61610.88,33331.486
490,000006.SZ,20190816,4.536,4.6857,4.5267,4.6015,4.5547,0.04679999999999929,1.0275,65072.63,32058.354
491,000006.SZ,20190815,4.536,4.5735,4.5173,4.5547,4.6202,-0.06549999999999923,-1.4177,63873.03,31041.036
492,000006.SZ,20190814,4.6763,4.695,4.6015,4.6202,4.6296,-0.009400000000000297,-0.203,48145.47,23884.281
493,000006.SZ,20190813,4.6296,4.6857,4.6015,4.6296,4.6576,-0.02800000000000047,-0.6012,24240.57,12020.713
494,000006.SZ,20190812,4.5641,4.6576,4.5641,4.6576,4.6296,0.02800000000000047,0.6048,24508.88,12108.011
495,000006.SZ,20190809,4.6389,4.6576,4.5828,4.6296,4.6389,-0.009299999999999642,-0.2005,21934.14,10818.133
496,000006.SZ,20190808,4.6296,4.6576,4.6109,4.6389,4.6296,0.009299999999999642,0.2009,28978.5,14340.262
497,000006.SZ,20190807,4.6483,4.6483,4.5922,4.6296,4.6015,0.028100000000000236,0.6107,35318.37,17414.962
498,000006.SZ,20190806,4.6483,4.7605,4.5267,4.6015,4.7792,-0.17770000000000064,-3.7182,68678.45,33883.459
499,000006.SZ,20190805,4.7418,4.854,4.7044,4.7792,4.7979,-0.01869999999999994,-0.3898,42191.0,21460.959
500,000006.SZ,20190802,4.8353,4.8447,4.7137,4.7979,4.9101,-0.11219999999999963,-2.2851,64458.46,32989.162
501,000006.SZ,20190801,4.9289,4.9569,4.9008,4.9101,4.9476,-0.03750000000000053,-0.7579,37212.86,19548.877
502,000006.SZ,20190731,4.9663,4.9756,4.9289,4.9476,4.9756,-0.02799999999999958,-0.5627,43299.97,22903.649
503,000006.SZ,20190730,4.985,5.0411,4.9569,4.9756,4.985,-0.009400000000000297,-0.1886,41148.85,21991.987
504,000006.SZ,20190729,5.0037,5.0224,4.9663,4.985,5.013,-0.02799999999999958,-0.5585,30489.03,16261.238
505,000006.SZ,20190726,5.0411,5.0504,4.9569,5.013,5.0878,-0.07479999999999976,-1.4702,58684.49,31376.326
506,000006.SZ,20190725,5.1346,5.1346,5.0317,5.0878,5.1346,-0.046800000000000175,-0.9115,111341.68,60424.149
507,000006.SZ,20190724,4.9569,5.172,4.9569,5.1346,4.9943,0.14029999999999987,2.8092,115456.23,62796.77
508,000006.SZ,20190723,4.9382,5.0504,4.9289,4.9943,4.9569,0.03739999999999988,0.7545,44147.67,23562.74
509,000006.SZ,20190722,5.0972,5.0972,4.9476,4.9569,5.1346,-0.17769999999999975,-3.4608,89248.27,47868.772
510,000006.SZ,20190719,5.0504,5.2468,5.0037,5.1346,5.0037,0.13089999999999957,2.6161,137551.25,75544.151
511,000006.SZ,20190718,5.0785,5.0785,4.9943,5.0037,5.0972,-0.0934999999999997,-1.8343,35420.65,19009.971
512,000006.SZ,20190717,5.1066,5.1159,5.0598,5.0972,5.0972,0.0,0.0,29546.21,16090.699
513,000006.SZ,20190716,5.0598,5.1066,5.0598,5.0972,5.0598,0.03739999999999988,0.7392,34211.99,18585.501
514,000006.SZ,20190715,5.0411,5.0878,4.9289,5.0598,5.0598,0.0,0.0,55593.06,29834.311
515,000006.SZ,20190712,5.0411,5.0785,5.0317,5.0598,5.0504,0.009400000000000297,0.1861,29215.98,15795.671
516,000006.SZ,20190711,5.0504,5.0878,5.013,5.0504,5.0317,0.01869999999999994,0.3716,26794.0,14483.524
517,000006.SZ,20190710,5.0785,5.0972,5.0317,5.0317,5.0785,-0.046800000000000175,-0.9215,44437.18,24026.606
518,000006.SZ,20190709,5.0504,5.1159,5.0411,5.0785,5.0972,-0.01869999999999994,-0.3669,40520.14,21959.809
519,000006.SZ,20190708,5.2375,5.2375,5.0317,5.0972,5.2468,-0.1496000000000004,-2.8513,80511.08,43943.765
520,000006.SZ,20190705,5.2749,5.2749,5.2094,5.2468,5.2655,-0.01869999999999994,-0.3551,54041.66,30237.716
521,000006.SZ,20190704,5.1907,5.3217,5.1907,5.2655,5.1907,0.07480000000000064,1.441,113280.47,63690.696
522,000006.SZ,20190703,5.2001,5.2375,5.1627,5.1907,5.1907,0.0,0.0,64887.95,36059.664
523,000006.SZ,20190702,5.2094,5.2188,5.1627,5.1907,5.2094,-0.01869999999999994,-0.359,56994.54,31666.17
524,000006.SZ,20190701,5.1814,5.2281,5.1346,5.2094,5.0972,0.11219999999999963,2.2012,87916.9,48822.115
525,000006.SZ,20190628,5.1627,5.1627,5.0691,5.0972,5.1627,-0.06550000000000011,-1.2687,42364.9,23116.192
526,000006.SZ,20190627,5.1627,5.2094,5.144,5.1627,5.144,0.01869999999999994,0.3635,39777.73,22003.247
527,000006.SZ,20190626,5.1814,5.1907,5.1159,5.144,5.172,-0.02799999999999958,-0.5414,38498.2,21227.559
528,000006.SZ,20190625,5.2375,5.2375,5.0972,5.172,5.2188,-0.046800000000000175,-0.8968,54290.53,29914.472
529,000006.SZ,20190624,5.2188,5.2562,5.1907,5.2188,5.2281,-0.00930000000000053,-0.1779,54101.46,30208.335
530,000006.SZ,20190621,5.2188,5.2843,5.1907,5.2281,5.1814,0.04670000000000041,0.9013,81228.22,45497.556
531,000006.SZ,20190620,5.1159,5.2375,5.0785,5.1814,5.1066,0.07479999999999976,1.4648,89475.35,49462.446
532,000006.SZ,20190619,5.172,5.172,5.0972,5.1066,5.0691,0.03750000000000053,0.7398,70341.92,38576.876
533,000006.SZ,20190618,5.0781,5.1143,5.0149,5.0691,5.0872,-0.01810000000000045,-0.3558,54321.37,30381.444
534,000006.SZ,20190617,5.033,5.1233,5.0149,5.0872,5.042,0.04520000000000035,0.8965,44623.0,25106.889
535,000006.SZ,20190614,5.0601,5.1053,5.0149,5.042,5.0781,-0.03610000000000024,-0.7109,40704.34,22825.072
536,000006.SZ,20190613,5.051,5.0962,5.033,5.0781,5.0781,0.0,0.0,45818.09,25705.266
537,000006.SZ,20190612,5.0691,5.2227,5.042,5.0781,5.1053,-0.02719999999999967,-0.5328,71703.55,40369.353
538,000006.SZ,20190611,5.0149,5.1143,4.9788,5.1053,4.9878,0.11749999999999972,2.3557,78817.56,44156.632
539,000006.SZ,20190610,4.9065,5.0059,4.8974,4.9878,4.9065,0.0812999999999997,1.657,57735.38,31734.988
540,000006.SZ,20190606,4.9607,4.9968,4.8794,4.9065,4.9516,-0.045099999999999696,-0.9108,57332.54,31259.324
541,000006.SZ,20190605,4.9697,4.9968,4.9245,4.9516,4.9245,0.027099999999999902,0.5503,49519.02,27197.135
542,000006.SZ,20190604,4.9607,4.9607,4.8974,4.9245,4.9607,-0.03620000000000001,-0.7297,48239.1,26286.018
543,000006.SZ,20190603,4.9607,4.9968,4.9155,4.9607,4.9607,0.0,0.0,53424.31,29261.294
544,000006.SZ,20190531,5.0059,5.0059,4.9336,4.9607,4.9607,0.0,0.0,47917.99,26360.501
545,000006.SZ,20190530,5.042,5.042,4.9065,4.9607,5.0691,-0.10839999999999961,-2.1384,76334.56,41935.12
546,000006.SZ,20190529,5.0601,5.1053,5.0239,5.0691,5.1053,-0.03620000000000001,-0.7091,82053.63,45934.32
547,000006.SZ,20190528,5.1595,5.2047,5.0781,5.1053,5.2047,-0.09940000000000015,-1.9098,125885.4,71454.279
548,000006.SZ,20190527,4.9426,5.2047,4.9245,5.2047,4.9788,0.2259000000000002,4.5372,162217.01,91620.885
549,000006.SZ,20190524,4.8974,5.0059,4.8794,4.9788,4.8794,0.09939999999999927,2.0371,74923.66,40870.907
550,000006.SZ,20190523,5.033,5.042,4.8613,4.8794,5.0149,-0.1354999999999995,-2.7019,75958.83,41621.766
551,000006.SZ,20190522,5.0781,5.0781,4.9968,5.0149,5.0781,-0.06320000000000014,-1.2446,51200.51,28527.581
552,000006.SZ,20190521,4.9968,5.0872,4.9968,5.0781,5.0059,0.07220000000000049,1.4423,59378.45,33186.804
553,000006.SZ,20190520,5.0601,5.0781,4.9426,5.0059,5.042,-0.03610000000000024,-0.716,50047.21,27645.348
554,000006.SZ,20190517,5.1956,5.2047,5.0149,5.042,5.2047,-0.16270000000000007,-3.126,86379.0,48894.312
555,000006.SZ,20190516,5.1504,5.2047,5.1233,5.2047,5.1775,0.02719999999999967,0.5254,100129.0,57273.02
556,000006.SZ,20190515,5.0872,5.1775,5.0872,5.1775,5.0781,0.09940000000000015,1.9574,113074.91,64245.331
557,000006.SZ,20190514,5.0691,5.1504,5.0149,5.0781,5.1324,-0.05429999999999957,-1.058,69680.87,39309.117
558,000006.SZ,20190513,5.1053,5.2047,5.0872,5.1324,5.1775,-0.045100000000000584,-0.8711,72265.99,41114.732
559,000006.SZ,20190510,5.051,5.2047,4.9968,5.1775,5.033,0.14449999999999985,2.8711,111488.55,63363.499
560,000006.SZ,20190509,5.033,5.1414,5.0239,5.033,5.0962,-0.06319999999999926,-1.2401,71122.33,39957.001
561,000006.SZ,20190508,5.0781,5.1956,4.9788,5.0962,5.1504,-0.05420000000000069,-1.0523,75068.02,42468.649
562,000006.SZ,20190507,5.0691,5.1595,5.0149,5.1504,5.033,0.11739999999999995,2.3326,105815.98,59731.518
563,000006.SZ,20190506,5.3673,5.3673,4.9607,5.033,5.5119,-0.47889999999999944,-8.6885,192234.46,109393.117
564,000006.SZ,20190430,5.4848,5.6474,5.4848,5.5119,5.5028,0.009100000000000108,0.1654,77196.4,47496.102
565,000006.SZ,20190429,5.548,5.6022,5.4125,5.5028,5.539,-0.03620000000000001,-0.6535,106763.76,65394.136
566,000006.SZ,20190426,5.6022,5.6293,5.539,5.539,5.5842,-0.04520000000000035,-0.8094,92958.05,57457.317
567,000006.SZ,20190425,5.8462,5.8552,5.557,5.5842,5.8643,-0.2801,-4.7764,129151.01,81440.339
568,000006.SZ,20190424,5.8281,5.8823,5.7287,5.8643,5.8281,0.03620000000000001,0.6211,102189.74,65671.596
569,000006.SZ,20190423,5.9004,5.9366,5.8101,5.8281,5.8914,-0.06329999999999991,-1.0744,91525.5,59503.259
570,000006.SZ,20190422,6.0811,6.0992,5.8823,5.8914,6.054,-0.1626000000000003,-2.6858,135008.85,88926.122
571,000006.SZ,20190419,6.0631,6.0992,5.9546,6.054,6.0631,-0.009100000000000108,-0.1501,101516.1,67646.992
572,000006.SZ,20190418,6.1173,6.1534,6.045,6.0631,6.1263,-0.06319999999999926,-1.0316,122873.48,83092.011
573,000006.SZ,20190417,6.1534,6.1896,6.0992,6.1263,6.1805,-0.05420000000000069,-0.877,131078.67,89098.162
574,000006.SZ,20190416,6.0992,6.1986,5.9546,6.1805,6.1263,0.05420000000000069,0.8847,222559.6,149253.012
575,000006.SZ,20190415,6.3522,6.3703,6.1082,6.1263,6.2528,-0.12650000000000006,-2.0231,216588.0,150032.117
576,000006.SZ,20190412,6.2167,6.2709,6.1534,6.2528,6.2076,0.04519999999999946,0.7281,122194.68,84077.384
577,000006.SZ,20190411,6.3251,6.3793,6.1896,6.2076,6.3251,-0.11749999999999972,-1.8577,170833.67,118868.507
578,000006.SZ,20190410,6.3793,6.4155,6.2709,6.3251,6.4155,-0.09039999999999981,-1.4091,175585.16,123215.449
579,000006.SZ,20190409,6.3974,6.4787,6.3251,6.4155,6.4064,0.009100000000000108,0.142,203004.57,143961.954
580,000006.SZ,20190408,6.551,6.5691,6.2618,6.4064,6.4426,-0.03620000000000001,-0.5619,292590.09,207697.44
581,000006.SZ,20190404,6.4968,6.5239,6.3522,6.4426,6.4697,-0.027099999999999902,-0.4189,285909.24,203912.679
582,000006.SZ,20190403,6.289,6.5329,6.2347,6.4697,6.3161,0.15359999999999996,2.4319,353487.98,252372.933
583,000006.SZ,20190402,6.3341,6.5691,6.3161,6.3161,6.3251,-0.009000000000000341,-0.1423,412847.92,293753.263
584,000006.SZ,20190401,6.1896,6.3522,6.1173,6.3251,6.0992,0.2259000000000002,3.7038,434472.65,302036.963
585,000006.SZ,20190329,5.9546,6.1534,5.8914,6.0992,5.9185,0.18069999999999986,3.0531,342032.85,229279.563
586,000006.SZ,20190328,5.9004,6.1082,5.8101,5.9185,5.9094,0.009100000000000108,0.154,230862.77,151961.923
587,000006.SZ,20190327,5.8823,5.9456,5.7829,5.9094,5.8823,0.027099999999999902,0.4607,186328.81,121408.758
588,000006.SZ,20190326,6.0811,6.1625,5.8191,5.8823,6.1805,-0.29820000000000046,-4.8249,335610.69,222997.562
589,000006.SZ,20190325,5.9637,6.4155,5.9275,6.1805,6.1263,0.05420000000000069,0.8847,556422.13,378407.649
590,000006.SZ,20190322,5.9185,6.1715,5.8101,6.1263,5.9366,0.1896999999999993,3.1954,433172.03,288374.149
591,000006.SZ,20190321,5.9185,6.0269,5.8733,5.9366,5.8733,0.06329999999999991,1.0778,419435.57,276781.705
592,000006.SZ,20190320,5.8191,5.9094,5.6926,5.8733,5.8733,0.0,0.0,334633.72,215292.973
593,000006.SZ,20190319,5.9637,6.0359,5.8281,5.8733,6.0631,-0.18979999999999997,-3.1304,408979.7,267591.922
594,000006.SZ,20190318,5.7016,6.307,5.6293,6.0631,5.7649,0.29820000000000046,5.1727,595740.72,386224.686
595,000006.SZ,20190315,5.4667,5.8643,5.4034,5.7649,5.4215,0.3433999999999999,6.334,589677.53,371764.753
596,000006.SZ,20190314,5.6113,5.6745,5.3402,5.4215,5.6203,-0.1988000000000003,-3.5372,262106.4,158810.273
597,000006.SZ,20190313,5.5661,5.7107,5.4938,5.6203,5.5842,0.03610000000000024,0.6465,331774.4,206473.855
598,000006.SZ,20190312,5.5209,5.6474,5.4848,5.5842,5.4848,0.09940000000000015,1.8123,254798.29,157141.29
599,000006.SZ,20190311,5.3673,5.4938,5.3312,5.4848,5.3673,0.11749999999999972,2.1892,217908.15,130894.999
600,000006.SZ,20190308,5.6926,5.6926,5.3402,5.3673,5.7558,-0.3884999999999996,-6.7497,403225.73,246018.493
601,000006.SZ,20190307,5.7107,5.801,5.6745,5.7558,5.7378,0.017999999999999794,0.3137,288115.59,182912.752
602,000006.SZ,20190306,5.7016,5.7378,5.6203,5.7378,5.7287,0.009100000000000108,0.1588,345469.56,217137.843
603,000006.SZ,20190305,5.6022,5.7739,5.557,5.7287,5.6293,0.09940000000000015,1.7658,303846.45,191037.922
604,000006.SZ,20190304,5.5299,5.7378,5.4938,5.6293,5.5299,0.09940000000000015,1.7975,406670.57,252718.66
605,000006.SZ,20190301,5.5209,5.5751,5.3673,5.5299,5.5119,0.017999999999999794,0.3266,237524.01,143373.908
606,000006.SZ,20190228,5.3944,5.6384,5.3944,5.5119,5.3854,0.12650000000000006,2.3489,374599.5,229834.959
607,000006.SZ,20190227,5.3312,5.4848,5.3312,5.3854,5.3492,0.03620000000000001,0.6767,281649.03,168447.203
608,000006.SZ,20190226,5.4034,5.4667,5.295,5.3492,5.3944,-0.04520000000000035,-0.8379,342806.76,204291.744
609,000006.SZ,20190225,5.2227,5.4125,5.1956,5.3944,5.1685,0.2259000000000002,4.3707,378556.31,222076.437
610,000006.SZ,20190222,5.1053,5.1775,5.0781,5.1685,5.1053,0.06320000000000014,1.2379,150320.88,85355.914
611,000006.SZ,20190221,5.1504,5.1866,5.0781,5.1053,5.1595,-0.05420000000000069,-1.0505,172806.64,97970.03
612,000006.SZ,20190220,5.2769,5.2769,5.1143,5.1595,5.2769,-0.11739999999999995,-2.2248,229301.81,130959.435
613,000006.SZ,20190219,5.4667,5.5299,5.1956,5.2769,5.2318,0.045100000000000584,0.862,498911.89,296135.797
614,000006.SZ,20190218,5.1053,5.2408,5.0872,5.2318,5.033,0.19879999999999942,3.9499,208498.55,119187.534
615,000006.SZ,20190215,5.0962,5.1143,4.9968,5.033,5.0962,-0.06319999999999926,-1.2401,139589.44,77996.078
616,000006.SZ,20190214,5.051,5.1595,5.0149,5.0962,5.042,0.054199999999999804,1.075,168671.56,95204.737
617,000006.SZ,20190213,4.9788,5.0781,4.9336,5.042,4.9878,0.054199999999999804,1.0867,187579.62,104304.515
618,000006.SZ,20190212,4.8794,5.0149,4.8432,4.9878,4.8794,0.10839999999999961,2.2216,151002.95,82564.941
619,000006.SZ,20190211,4.7619,4.8794,4.7438,4.8794,4.7709,0.10850000000000026,2.2742,114998.93,61527.978
620,000006.SZ,20190201,4.6806,4.78,4.6715,4.7709,4.6444,0.12650000000000006,2.7237,77252.54,40470.731
621,000006.SZ,20190131,4.6806,4.7348,4.6173,4.6444,4.6896,-0.04520000000000035,-0.9638,72829.58,37738.761
622,000006.SZ,20190130,4.6264,4.7529,4.6264,4.6896,4.6625,0.02710000000000079,0.5812,67380.0,35074.432
623,000006.SZ,20190129,4.7077,4.7348,4.6083,4.6625,4.7077,-0.04520000000000035,-0.9601,70760.75,36520.854
624,000006.SZ,20190128,4.78,4.8071,4.6986,4.7077,4.7619,-0.054199999999999804,-1.1382,81225.47,42666.64
625,000006.SZ,20190125,4.78,4.8251,4.7438,4.7619,4.7619,0.0,0.0,77820.46,41248.911
626,000006.SZ,20190124,4.7438,4.8161,4.6986,4.7619,4.7438,0.01809999999999956,0.3816,75420.62,39712.241
627,000006.SZ,20190123,4.7438,4.8071,4.7258,4.7438,4.7709,-0.027099999999999902,-0.568,48932.15,25784.288
628,000006.SZ,20190122,4.8432,4.8613,4.7438,4.7709,4.8342,-0.06329999999999991,-1.3094,65078.89,34494.556
629,000006.SZ,20190121,4.8613,4.9065,4.8161,4.8342,4.8523,-0.01809999999999956,-0.373,119751.43,64347.95
630,000006.SZ,20190118,4.7619,4.9155,4.7348,4.8523,4.7529,0.09939999999999927,2.0914,102470.86,54571.186
631,000006.SZ,20190117,4.8613,4.8613,4.7438,4.7529,4.8703,-0.11739999999999995,-2.4105,94829.81,50314.175
632,000006.SZ,20190116,4.8523,4.8884,4.798,4.8703,4.8523,0.018000000000000682,0.371,98535.32,52871.483
633,000006.SZ,20190115,4.7709,4.8523,4.7258,4.8523,4.78,0.07229999999999936,1.5126,82037.03,43498.551
634,000006.SZ,20190114,4.8523,4.8523,4.7709,4.78,4.8613,-0.0812999999999997,-1.6724,63213.46,33608.567
635,000006.SZ,20190111,4.8071,4.8703,4.789,4.8613,4.78,0.0812999999999997,1.7008,72307.16,38645.416
636,000006.SZ,20190110,4.8432,4.8703,4.78,4.78,4.8432,-0.06320000000000014,-1.3049,72266.0,38483.049
637,000006.SZ,20190109,4.8613,4.9065,4.8251,4.8432,4.8071,0.03610000000000024,0.751,122083.67,65788.355
638,000006.SZ,20190108,4.8432,4.8523,4.798,4.8071,4.8251,-0.017999999999999794,-0.373,76982.99,41113.896
639,000006.SZ,20190107,4.8342,4.8613,4.7709,4.8251,4.7529,0.0721999999999996,1.5191,122466.32,65359.569
640,000006.SZ,20190104,4.5992,4.7709,4.5721,4.7529,4.6535,0.09940000000000015,2.136,84868.77,44163.596
641,000006.SZ,20190103,4.6535,4.7077,4.6173,4.6535,4.6535,0.0,0.0,53549.58,27676.497
642,000006.SZ,20190102,4.6806,4.7438,4.6083,4.6535,4.6806,-0.027099999999999902,-0.579,63229.64,32733.636
643,000006.SZ,20181228,4.7167,4.7258,4.6535,4.6806,4.6625,0.01810000000000045,0.3882,50263.23,26086.344
644,000006.SZ,20181227,4.789,4.8161,4.6625,4.6625,4.7258,-0.06329999999999991,-1.3395,69608.86,36509.62
645,000006.SZ,20181226,4.6625,4.7529,4.6535,4.7258,4.6715,0.05429999999999957,1.1624,81840.1,42714.844
646,000006.SZ,20181225,4.7167,4.7348,4.545,4.6715,4.8161,-0.14459999999999962,-3.0024,116802.05,59980.732
647,000006.SZ,20181224,4.8703,4.8884,4.7619,4.8161,4.8703,-0.05420000000000069,-1.1129,104254.0,55486.714
648,000006.SZ,20181221,4.8884,4.9155,4.8161,4.8703,4.9245,-0.054199999999999804,-1.1006,103060.96,55360.217
649,000006.SZ,20181220,4.9245,4.9697,4.8794,4.9245,4.9607,-0.03620000000000001,-0.7297,108759.5,59263.807
650,000006.SZ,20181219,4.9336,4.9968,4.8974,4.9607,4.9426,0.01810000000000045,0.3662,138599.1,75707.882
651,000006.SZ,20181218,5.1775,5.2047,4.8613,4.9426,5.2408,-0.29820000000000046,-5.69,318048.89,175501.699
652,000006.SZ,20181217,5.2318,5.295,5.1685,5.2408,5.1685,0.07230000000000025,1.3989,223739.49,129603.141
653,000006.SZ,20181214,5.2589,5.3221,5.1143,5.1685,5.2769,-0.1084000000000005,-2.0542,233705.37,135473.856
654,000006.SZ,20181213,5.304,5.3492,5.1685,5.2769,5.295,-0.01809999999999956,-0.3418,224103.6,130887.828
655,000006.SZ,20181212,5.3221,5.4125,5.2047,5.295,5.3583,-0.06329999999999991,-1.1813,368575.51,216641.777
656,000006.SZ,20181211,5.1143,5.4938,5.0781,5.3583,5.0872,0.2710999999999997,5.3291,479709.15,280609.093
657,000006.SZ,20181210,5.1143,5.1866,4.9968,5.0872,5.1595,-0.07230000000000025,-1.4013,161816.32,91122.55
658,000006.SZ,20181207,5.0781,5.304,5.0781,5.1595,5.0962,0.0633000000000008,1.2421,246100.33,141451.64
659,000006.SZ,20181206,5.051,5.2137,5.0149,5.0962,5.1233,-0.02710000000000079,-0.529,198712.86,112413.806
660,000006.SZ,20181205,4.9697,5.1866,4.9426,5.1233,5.051,0.07230000000000025,1.4314,250817.77,141602.592
661,000006.SZ,20181204,5.0059,5.0962,4.9607,5.051,5.0059,0.045100000000000584,0.9009,158845.3,88393.905
662,000006.SZ,20181203,4.9968,5.1324,4.9155,5.0059,4.8703,0.13559999999999928,2.7842,221379.03,122851.691
663,000006.SZ,20181130,4.7348,4.8703,4.7167,4.8703,4.8251,0.04520000000000035,0.9368,101716.47,53943.247
664,000006.SZ,20181129,4.9155,5.0601,4.8071,4.8251,4.8161,0.009000000000000341,0.1869,186584.96,101863.644
665,000006.SZ,20181128,4.789,4.8613,4.6715,4.8161,4.789,0.027099999999999902,0.5659,115908.57,61074.103
666,000006.SZ,20181127,4.8251,4.8432,4.7529,4.789,4.78,0.008999999999999453,0.1883,66920.44,35535.696
667,000006.SZ,20181126,4.7709,4.8613,4.7438,4.78,4.7619,0.01810000000000045,0.3801,100963.2,53650.519
668,000006.SZ,20181123,5.0059,5.033,4.7438,4.7619,5.0149,-0.2530000000000001,-5.045,156535.01,84109.19
669,000006.SZ,20181122,5.0872,5.0872,4.9245,5.0149,5.0781,-0.06320000000000014,-1.2446,134112.33,74262.978
670,000006.SZ,20181121,4.9516,5.1595,4.8703,5.0781,4.9607,0.11739999999999995,2.3666,219801.18,122360.916
671,000006.SZ,20181120,5.1143,5.1504,4.9426,4.9607,5.2498,-0.28909999999999947,-5.5069,293993.88,164306.995
672,000006.SZ,20181119,5.1233,5.3673,4.9788,5.2498,4.9878,0.26199999999999957,5.2528,432552.01,248475.185
673,000006.SZ,20181116,4.9516,5.0781,4.9245,4.9878,4.9697,0.01810000000000045,0.3642,325775.24,180701.546
674,000006.SZ,20181115,4.7348,5.0059,4.7348,4.9697,4.789,0.18069999999999986,3.7732,306842.63,166803.132
675,000006.SZ,20181114,4.7438,4.8794,4.7348,4.789,4.7709,0.01809999999999956,0.3794,161366.4,85747.98
676,000006.SZ,20181113,4.6083,4.8974,4.5631,4.7709,4.6354,0.1355000000000004,2.9232,228338.98,119656.726
677,000006.SZ,20181112,4.5089,4.6535,4.4908,4.6354,4.545,0.09039999999999981,1.989,97065.74,49445.461
678,000006.SZ,20181109,4.5721,4.6173,4.545,4.545,4.5992,-0.054199999999999804,-1.1785,85365.36,43235.854
679,000006.SZ,20181108,4.6173,4.6535,4.5902,4.5992,4.5902,0.008999999999999453,0.1961,114317.44,58410.206
680,000006.SZ,20181107,4.6354,4.6535,4.5721,4.5902,4.6264,-0.03620000000000001,-0.7825,123900.12,63338.546
681,000006.SZ,20181106,4.5992,4.6354,4.5631,4.6264,4.6354,-0.008999999999999453,-0.1942,108699.83,55367.029
682,000006.SZ,20181105,4.6264,4.6625,4.5631,4.6354,4.6444,-0.009000000000000341,-0.1938,134954.18,68870.42
683,000006.SZ,20181102,4.6083,4.6535,4.5721,4.6444,4.5541,0.09030000000000005,1.9828,143410.08,73320.986
684,000006.SZ,20181101,4.6354,4.6535,4.545,4.5541,4.5812,-0.027099999999999902,-0.5915,149151.86,75984.201
685,000006.SZ,20181031,4.5179,4.6173,4.5179,4.5812,4.5089,0.07230000000000025,1.6035,115287.87,58303.546
686,000006.SZ,20181030,4.4456,4.5631,4.4185,4.5089,4.4637,0.04519999999999946,1.0126,111478.42,55551.313
687,000006.SZ,20181029,4.5902,4.6535,4.4366,4.4637,4.6083,-0.14459999999999962,-3.1378,137464.52,68711.539
688,000006.SZ,20181026,4.5631,4.7529,4.5541,4.6083,4.536,0.07230000000000025,1.5939,246948.55,126932.623
689,000006.SZ,20181025,4.3914,4.5541,4.3372,4.536,4.5902,-0.05420000000000069,-1.1808,151131.35,74750.122
690,000006.SZ,20181024,4.5721,4.6264,4.4908,4.5902,4.5631,0.027099999999999902,0.5939,187370.76,94580.723
691,000006.SZ,20181023,4.6173,4.7348,4.5179,4.5631,4.5812,-0.01809999999999956,-0.3951,228790.73,116776.267
692,000006.SZ,20181022,4.4456,4.6806,4.4366,4.5812,4.4095,0.17169999999999952,3.8939,254101.66,128378.681
693,000006.SZ,20181019,4.1565,4.4456,4.0752,4.4095,4.2649,0.1446000000000005,3.3905,192359.87,91835.53
694,000006.SZ,20181018,4.274,4.4185,4.2107,4.2649,4.274,-0.009100000000000108,-0.2129,191511.2,91664.536
695,000006.SZ,20181017,4.3372,4.3553,4.1294,4.274,4.2197,0.05430000000000046,1.2868,134164.7,63256.388
696,000006.SZ,20181016,4.3191,4.4185,4.2107,4.2197,4.3734,-0.15370000000000061,-3.5144,124188.66,59220.811
697,000006.SZ,20181015,4.4727,4.5631,4.3282,4.3734,4.3643,0.009100000000000108,0.2085,184065.96,90697.901
698,000006.SZ,20181012,4.1836,4.4005,4.1384,4.3643,4.2559,0.1084000000000005,2.5471,195520.45,93133.533
699,000006.SZ,20181011,4.536,4.5902,4.2559,4.2559,4.7258,-0.4699,-9.9433,282143.09,137140.011
700,000006.SZ,20181010,4.7438,4.78,4.6444,4.7258,4.7348,-0.009000000000000341,-0.1901,119870.39,62577.319
701,000006.SZ,20181009,4.78,4.789,4.6986,4.7348,4.7167,0.01809999999999956,0.3837,127504.02,66875.306
702,000006.SZ,20181008,4.9607,4.9607,4.6715,4.7167,5.1504,-0.4337,-8.4207,319035.68,169951.843
703,000006.SZ,20180928,5.0691,5.3131,5.051,5.1504,5.1053,0.045100000000000584,0.8834,413030.37,236936.284
704,000006.SZ,20180927,5.0872,5.1414,4.9788,5.1053,5.0962,0.009100000000000108,0.1786,344868.0,193915.389
705,000006.SZ,20180926,5.1504,5.1685,5.042,5.0962,5.1143,-0.01810000000000045,-0.3539,333216.1,188361.504
706,000006.SZ,20180925,5.1504,5.2227,5.0781,5.1143,5.4034,-0.28910000000000036,-5.3503,481116.86,273651.606
707,000006.SZ,20180921,5.4577,5.6022,5.3492,5.4034,5.548,-0.14459999999999962,-2.6063,780547.46,470692.701
708,000006.SZ,20180920,5.0601,5.548,5.0239,5.548,5.042,0.5060000000000002,10.0357,966939.82,574942.587
709,000006.SZ,20180919,4.5902,5.042,4.5812,5.042,4.5812,0.4607999999999999,10.0585,345978.42,187376.282
710,000006.SZ,20180918,4.4908,4.5992,4.4908,4.5812,4.4999,0.0812999999999997,1.8067,56624.16,28482.699
711,000006.SZ,20180917,4.6083,4.6083,4.4908,4.4999,4.6264,-0.12650000000000006,-2.7343,92436.22,46419.028
712,000006.SZ,20180914,4.6444,4.6896,4.6083,4.6264,4.6354,-0.008999999999999453,-0.1942,68850.5,35392.793
713,000006.SZ,20180913,4.6083,4.6444,4.5812,4.6354,4.5812,0.054199999999999804,1.1831,49879.4,25478.72
714,000006.SZ,20180912,4.6173,4.6354,4.5812,4.5812,4.6173,-0.03610000000000024,-0.7818,40203.61,20499.986
715,000006.SZ,20180911,4.6173,4.6535,4.527,4.6173,4.5902,0.027099999999999902,0.5904,61891.35,31573.326
716,000006.SZ,20180910,4.7167,4.7438,4.5812,4.5902,4.7167,-0.12650000000000006,-2.682,88763.5,45842.135
717,000006.SZ,20180907,4.7529,4.8523,4.6806,4.7167,4.7529,-0.03620000000000001,-0.7616,94054.16,49619.806
718,000006.SZ,20180906,4.8071,4.8523,4.7438,4.7529,4.789,-0.036099999999999355,-0.7538,47382.13,25151.842
719,000006.SZ,20180905,4.8884,4.9065,4.789,4.789,4.9155,-0.12650000000000006,-2.5735,81542.39,43812.589
720,000006.SZ,20180904,4.8703,4.9426,4.8342,4.9155,4.8703,0.04519999999999946,0.9281,72222.0,39073.519
721,000006.SZ,20180903,4.8884,4.9065,4.8161,4.8703,4.8884,-0.01809999999999956,-0.3703,57712.25,31004.748
722,000006.SZ,20180831,4.9607,4.9968,4.8703,4.8884,4.9607,-0.07230000000000025,-1.4575,97473.84,52944.366
723,000006.SZ,20180830,5.0149,5.0962,4.9607,4.9607,5.0149,-0.054199999999999804,-1.0808,69611.76,38688.837
724,000006.SZ,20180829,5.042,5.0781,4.9878,5.0149,5.0601,-0.04520000000000035,-0.8933,72751.88,40477.019
725,000006.SZ,20180828,5.1053,5.1233,5.033,5.0601,5.0601,0.0,0.0,97759.94,54915.974
726,000006.SZ,20180827,4.9516,5.0781,4.9336,5.0601,4.9788,0.0813000000000006,1.6329,102891.8,57237.859
727,000006.SZ,20180824,4.9697,5.0601,4.8884,4.9788,4.9697,0.009100000000000108,0.1831,102265.43,56264.455
728,000006.SZ,20180823,4.9336,5.0601,4.9336,4.9697,4.9065,0.06319999999999926,1.2881,66743.62,36741.044
729,000006.SZ,20180822,4.9516,5.0059,4.8794,4.9065,4.9788,-0.07229999999999936,-1.4522,53783.72,29333.636
730,000006.SZ,20180821,4.9245,5.1053,4.8884,4.9788,4.9245,0.05429999999999957,1.1027,83831.68,46347.186
731,000006.SZ,20180820,4.8703,4.9245,4.8432,4.9245,4.8613,0.06320000000000014,1.3001,57942.08,31325.848
732,000006.SZ,20180817,4.9878,5.0149,4.8523,4.8613,4.9336,-0.07230000000000025,-1.4655,61919.36,33731.119
733,000006.SZ,20180816,4.9426,5.0149,4.8342,4.9336,4.9788,-0.04519999999999946,-0.9078,67965.44,37048.516
734,000006.SZ,20180815,5.1775,5.2047,4.9697,4.9788,5.1414,-0.1626000000000003,-3.1626,106777.56,59761.337
735,000006.SZ,20180814,5.0601,5.2137,5.033,5.1414,5.1053,0.03610000000000024,0.7071,129730.18,73592.697
736,000006.SZ,20180813,5.1324,5.1324,5.0149,5.1053,5.2318,-0.12650000000000006,-2.4179,106356.62,59655.309
737,000006.SZ,20180810,5.0691,5.3583,5.0691,5.2318,5.0601,0.17169999999999952,3.3932,151639.23,87710.639
738,000006.SZ,20180809,4.9697,5.1143,4.8974,5.0601,4.9607,0.09940000000000015,2.0037,90436.49,50571.455
739,000006.SZ,20180808,5.0149,5.033,4.9607,4.9607,5.0149,-0.054199999999999804,-1.0808,65022.92,35915.617
740,000006.SZ,20180807,4.9065,5.0239,4.8523,5.0149,4.8794,0.1354999999999995,2.777,66732.73,36640.017
741,000006.SZ,20180806,4.9697,5.0149,4.8161,4.8794,4.9607,-0.0812999999999997,-1.6389,82971.49,45146.108
742,000006.SZ,20180803,4.9065,5.051,4.9065,4.9607,4.9245,0.03620000000000001,0.7351,86618.09,47699.656
743,000006.SZ,20180802,5.2318,5.2318,4.8432,4.9245,5.2047,-0.2801999999999998,-5.3836,141845.06,78318.834
744,000006.SZ,20180801,5.2498,5.3673,5.1956,5.2047,5.295,-0.09030000000000005,-1.7054,173027.29,100711.39
745,000006.SZ,20180731,5.3583,5.4034,5.2318,5.295,5.3854,-0.09039999999999981,-1.6786,125948.01,73850.372
746,000006.SZ,20180730,5.4215,5.6655,5.3402,5.3854,5.4577,-0.07230000000000025,-1.3247,264696.74,160401.294
747,000006.SZ,20180727,5.2498,5.6203,5.2408,5.4577,5.2498,0.20790000000000042,3.9602,239649.07,144159.207
748,000006.SZ,20180726,5.2227,5.3492,5.2227,5.2498,5.2589,-0.009100000000000108,-0.173,119407.0,69879.492
749,000006.SZ,20180725,5.2318,5.304,5.1775,5.2589,5.2408,0.01809999999999956,0.3454,109192.51,63263.178
750,000006.SZ,20180724,5.0691,5.295,5.051,5.2408,5.0601,0.18069999999999986,3.5711,159570.13,91789.428
751,000006.SZ,20180723,4.9607,5.0781,4.8974,5.0601,4.9788,0.0813000000000006,1.6329,98832.3,54974.067
752,000006.SZ,20180720,4.8703,4.9968,4.8161,4.9788,4.8974,0.08139999999999947,1.6621,70499.4,38390.543
753,000006.SZ,20180719,4.9607,4.9968,4.8794,4.8974,4.9426,-0.04519999999999946,-0.9145,55242.79,30110.095
754,000006.SZ,20180718,4.9878,5.0149,4.9426,4.9426,4.9697,-0.027099999999999902,-0.5453,56861.96,31382.295
755,000006.SZ,20180717,4.9426,4.9788,4.9155,4.9697,4.9788,-0.009100000000000108,-0.1828,42329.71,23168.536
756,000006.SZ,20180716,4.9697,5.0149,4.8974,4.9788,4.9878,-0.009000000000000341,-0.1804,67449.22,36994.193
757,000006.SZ,20180713,5.042,5.0962,4.9788,4.9878,4.9426,0.04520000000000035,0.9145,96786.94,53818.466
758,000006.SZ,20180712,4.78,4.9607,4.78,4.9426,4.8071,0.1354999999999995,2.8187,79733.51,43434.668
759,000006.SZ,20180711,4.8884,4.8974,4.7348,4.8071,4.9697,-0.1625999999999994,-3.2718,92207.85,49190.465
760,000006.SZ,20180710,4.9245,4.9697,4.8884,4.9697,4.8974,0.07229999999999936,1.4763,82064.26,44867.573
761,000006.SZ,20180709,4.8161,4.9155,4.798,4.8974,4.8071,0.09030000000000005,1.8785,65673.34,35474.374
762,000006.SZ,20180706,4.8794,4.9065,4.6444,4.8071,4.8432,-0.03610000000000024,-0.7454,120183.48,63977.518
763,000006.SZ,20180705,5.1053,5.1143,4.798,4.8432,5.1504,-0.3071999999999999,-5.9646,149727.39,82074.259
764,000006.SZ,20180704,5.0691,5.304,5.0601,5.1504,5.1053,0.045100000000000584,0.8834,144019.86,82399.64
765,000006.SZ,20180703,4.9968,5.1233,4.9336,5.1053,4.9697,0.13560000000000016,2.7285,115021.76,64142.627
766,000006.SZ,20180702,5.2679,5.304,4.9065,4.9697,5.295,-0.32530000000000037,-6.1435,153168.58,86251.733
767,000006.SZ,20180629,5.1685,5.3763,5.1143,5.295,5.1504,0.14459999999999962,2.8075,96361.21,55807.634
768,000006.SZ,20180628,5.2047,5.2498,5.1414,5.1504,5.2227,-0.07229999999999936,-1.3843,75695.07,43600.555
769,000006.SZ,20180627,5.3312,5.3944,5.1866,5.2227,5.3402,-0.1175000000000006,-2.2003,104464.41,61348.03
770,000006.SZ,20180626,5.295,5.3583,5.2137,5.3402,5.3854,-0.04519999999999946,-0.8393,93966.23,54964.426
771,000006.SZ,20180625,5.4757,5.5028,5.3673,5.3854,5.4125,-0.027099999999999902,-0.5007,92631.35,55723.097
772,000006.SZ,20180622,5.3854,5.4396,5.2679,5.4125,5.3673,0.04519999999999946,0.8421,89666.49,53426.78
773,000006.SZ,20180621,5.4023,5.5689,5.3058,5.3672,5.4286,-0.0613999999999999,-1.131,114727.33,71123.612
774,000006.SZ,20180620,5.4023,5.4812,5.2006,5.4286,5.4374,-0.008799999999999919,-0.1618,159334.04,98188.368
775,000006.SZ,20180619,5.8233,5.8584,5.4374,5.4374,6.0425,-0.6051000000000002,-10.0141,235423.33,149850.172
776,000006.SZ,20180615,6.0864,6.1565,5.9285,6.0425,6.0776,-0.03509999999999991,-0.5775,140535.22,97258.832
777,000006.SZ,20180614,6.0338,6.139,6.0162,6.0776,6.0688,0.008799999999999919,0.145,108580.3,75374.404
778,000006.SZ,20180613,6.0688,6.1653,6.0338,6.0688,6.0513,0.01750000000000007,0.2892,120243.73,83744.43
779,000006.SZ,20180612,6.0338,6.0688,5.9461,6.0513,6.025,0.02629999999999999,0.4365,67153.54,46067.965
780,000006.SZ,20180611,6.0074,6.0951,5.9811,6.025,5.9899,0.0351000000000008,0.586,69753.03,48045.563
781,000006.SZ,20180608,6.0864,6.1039,5.9373,5.9899,6.0864,-0.0965000000000007,-1.5855,75080.0,51466.043
782,000006.SZ,20180607,6.0864,6.1215,6.0688,6.0864,6.0864,0.0,0.0,71963.71,50003.778
783,000006.SZ,20180606,6.1565,6.1565,6.0513,6.0864,6.1565,-0.07010000000000005,-1.1386,78428.74,54423.716
784,000006.SZ,20180605,6.0601,6.1565,6.0338,6.1565,6.0513,0.10519999999999996,1.7385,105822.81,73627.723
785,000006.SZ,20180604,6.0162,6.1039,6.0162,6.0513,6.0513,0.0,0.0,99419.46,68774.312
786,000006.SZ,20180601,6.025,6.1565,5.9548,6.0513,6.0776,-0.02629999999999999,-0.4327,99227.01,68615.296
787,000006.SZ,20180531,6.025,6.1565,5.9899,6.0776,5.9811,0.0965000000000007,1.6134,114243.03,79179.897
788,000006.SZ,20180530,6.1478,6.2004,5.9197,5.9811,6.2355,-0.2544000000000004,-4.0799,166367.96,114401.552
789,000006.SZ,20180529,6.2618,6.3495,6.2004,6.2355,6.2881,-0.05259999999999998,-0.8365,108549.32,77524.255
790,000006.SZ,20180528,6.4547,6.481,6.2705,6.2881,6.4635,-0.17539999999999978,-2.7137,126352.94,91398.684
791,000006.SZ,20180525,6.56,6.6038,6.4547,6.4635,6.5775,-0.11399999999999988,-1.7332,156909.41,116677.001
792,000006.SZ,20180524,6.4898,6.5775,6.4372,6.5775,6.4986,0.07889999999999997,1.2141,138577.16,102730.695
793,000006.SZ,20180523,6.4986,6.56,6.4723,6.4986,6.5424,-0.04380000000000006,-0.6695,109550.46,81315.984
794,000006.SZ,20180522,6.5775,6.6213,6.4723,6.5424,6.6213,-0.07889999999999997,-1.1916,139666.49,104003.189
795,000006.SZ,20180521,6.595,6.7003,6.5863,6.6213,6.5863,0.03500000000000014,0.5314,142827.41,108155.428
796,000006.SZ,20180518,6.5687,6.6126,6.5161,6.5863,6.5863,0.0,0.0,128443.4,96230.2
797,000006.SZ,20180517,6.5336,6.6213,6.5161,6.5863,6.5249,0.0613999999999999,0.941,137859.61,103585.42
798,000006.SZ,20180516,6.4635,6.6213,6.4547,6.5249,6.5161,0.008799999999999919,0.1351,136238.36,101724.683
799,000006.SZ,20180515,6.4109,6.5775,6.367,6.5161,6.4109,0.10519999999999996,1.641,165471.22,122164.391
800,000006.SZ,20180514,6.5073,6.56,6.3758,6.4109,6.5775,-0.16659999999999986,-2.5329,177183.05,130473.05
801,000006.SZ,20180511,6.5863,6.7178,6.4898,6.5775,6.6301,-0.05259999999999998,-0.7934,257854.16,193842.274
802,000006.SZ,20180510,6.4284,6.7441,6.4284,6.6301,6.4284,0.20169999999999977,3.1376,344983.35,259250.767
803,000006.SZ,20180509,6.5336,6.5336,6.4021,6.4284,6.56,-0.13159999999999972,-2.0061,202296.3,148911.409
804,000006.SZ,20180508,6.3933,6.6564,6.3582,6.56,6.3846,0.17539999999999978,2.7472,362096.69,269601.494
805,000006.SZ,20180507,6.2705,6.4109,6.2705,6.3846,6.2618,0.1227999999999998,1.9611,186517.07,135675.867
806,000006.SZ,20180504,6.2442,6.3232,6.2179,6.2618,6.253,0.008799999999999919,0.1407,152184.92,109087.519
807,000006.SZ,20180503,6.2004,6.2618,6.1565,6.253,6.1916,0.0613999999999999,0.9917,131318.1,93052.049
808,000006.SZ,20180502,6.1478,6.2355,6.139,6.1916,6.1302,0.0613999999999999,1.0016,98915.88,69840.465
809,000006.SZ,20180427,6.1127,6.1653,6.0601,6.1302,6.0513,0.07889999999999997,1.3039,77331.76,53884.622
810,000006.SZ,20180426,6.253,6.2793,6.0513,6.0513,6.2355,-0.1841999999999997,-2.9541,125705.79,88176.119
811,000006.SZ,20180425,6.3144,6.3232,6.2179,6.2355,6.367,-0.13149999999999995,-2.0653,188061.45,134030.069
812,000006.SZ,20180424,6.025,6.4459,6.025,6.367,6.025,0.34199999999999964,5.6763,257671.84,183520.633
813,000006.SZ,20180423,6.139,6.1653,5.9724,6.025,6.139,-0.11399999999999988,-1.857,123265.41,85174.37
814,000006.SZ,20180420,6.2267,6.2442,6.1127,6.139,6.2442,-0.10519999999999996,-1.6848,128092.75,90269.351
815,000006.SZ,20180419,6.2618,6.3056,6.2267,6.2442,6.253,-0.008799999999999919,-0.1407,110777.92,79125.305
816,000006.SZ,20180418,6.2793,6.3056,6.139,6.253,6.1916,0.0613999999999999,0.9917,128446.55,91230.603
817,000006.SZ,20180417,6.3495,6.3582,6.1828,6.1916,6.3495,-0.1578999999999997,-2.4868,123633.1,88429.388
818,000006.SZ,20180416,6.3582,6.4547,6.2881,6.3495,6.3933,-0.04380000000000006,-0.6851,134524.19,97619.565
819,000006.SZ,20180413,6.367,6.4547,6.3407,6.3933,6.2618,0.13149999999999995,2.1,184757.84,134756.542
820,000006.SZ,20180412,6.3582,6.3582,6.253,6.2618,6.3758,-0.11399999999999988,-1.788,127740.97,91807.708
821,000006.SZ,20180411,6.4196,6.4723,6.3758,6.3758,6.4021,-0.02629999999999999,-0.4108,165436.01,121044.474
822,000006.SZ,20180410,6.3232,6.4021,6.2793,6.4021,6.3056,0.09649999999999981,1.5304,165791.65,119762.978
823,000006.SZ,20180409,6.2618,6.3582,6.139,6.3056,6.2705,0.03509999999999991,0.5598,161428.46,115134.788
824,000006.SZ,20180404,6.2705,6.367,6.2267,6.2705,6.2179,0.05259999999999998,0.8459,153824.98,110483.156
825,000006.SZ,20180403,6.2618,6.2793,6.1828,6.2179,6.3582,-0.14029999999999987,-2.2066,165400.48,117454.122
826,000006.SZ,20180402,6.4196,6.481,6.3319,6.3582,6.4635,-0.10529999999999973,-1.6291,177023.71,129483.466
827,000006.SZ,20180330,6.5424,6.5775,6.4459,6.4635,6.595,-0.13149999999999995,-1.9939,209020.57,154747.163
828,000006.SZ,20180329,6.3846,6.6213,6.3495,6.595,6.3407,0.25429999999999975,4.0106,325576.44,242224.972
829,000006.SZ,20180328,6.2969,6.4459,6.2442,6.3407,6.3933,-0.05259999999999998,-0.8227,165328.32,120107.781
830,000006.SZ,20180327,6.3846,6.4459,6.3407,6.3933,6.3144,0.07889999999999997,1.2495,206900.05,150729.955
831,000006.SZ,20180326,6.1653,6.3582,5.9636,6.3144,6.2969,0.01750000000000007,0.2779,253382.14,178633.148
832,000006.SZ,20180323,6.595,6.8055,6.2267,6.2969,6.8932,-0.5963000000000003,-8.6506,400418.53,298913.182
833,000006.SZ,20180322,6.8669,6.9985,6.7792,6.8932,6.8494,0.04380000000000006,0.6395,223075.13,174766.575
834,000006.SZ,20180321,6.8932,7.0598,6.8494,6.8494,6.9108,-0.0613999999999999,-0.8885,274230.37,217423.581
835,000006.SZ,20180320,6.8581,6.9809,6.7967,6.9108,6.9371,-0.02629999999999999,-0.3791,247524.01,194152.923
836,000006.SZ,20180319,6.9371,6.9634,6.7967,6.9371,6.9634,-0.02629999999999999,-0.3777,255518.78,200108.519
837,000006.SZ,20180316,6.9721,7.0511,6.9371,6.9634,6.9721,-0.008700000000000152,-0.1248,257279.86,205277.2
838,000006.SZ,20180315,7.1914,7.2002,6.9371,6.9721,7.2703,-0.2981999999999996,-4.1016,643137.8,516756.471
839,000006.SZ,20180314,7.4983,7.586,7.2616,7.2703,7.6299,-0.35960000000000036,-4.713,596514.45,502396.942
840,000006.SZ,20180313,7.586,7.7878,7.5422,7.6299,7.586,0.04389999999999983,0.5787,607777.85,530832.951
841,000006.SZ,20180312,7.551,7.7088,7.4457,7.586,7.7176,-0.13159999999999972,-1.7052,738316.89,635967.707
842,000006.SZ,20180309,7.551,8.0947,7.4019,7.7176,7.779,-0.0613999999999999,-0.7893,1119431.92,971167.257
843,000006.SZ,20180308,7.779,7.779,7.779,7.779,8.6384,-0.8594000000000008,-9.9486,58255.0,51672.185
844,000006.SZ,20170908,8.1561,9.0068,8.007,8.6384,8.1912,0.4472000000000005,5.4595,1321410.27,1304096.054
845,000006.SZ,20170907,7.9018,8.4367,7.893,8.1912,7.9719,0.2193000000000005,2.7509,849085.21,797583.769
846,000006.SZ,20170906,7.779,8.0245,7.6825,7.9719,7.7614,0.2104999999999997,2.7121,596429.59,536001.902
847,000006.SZ,20170905,7.7088,7.779,7.6124,7.7614,7.6913,0.07010000000000005,0.9114,400523.81,351834.229
848,000006.SZ,20170904,7.3668,7.6913,7.3405,7.6913,7.3843,0.3070000000000004,4.1575,332608.72,285102.956
849,000006.SZ,20170901,7.4457,7.4545,7.3668,7.3843,7.4106,-0.02629999999999999,-0.3549,129991.03,109795.99
850,000006.SZ,20170831,7.4545,7.5071,7.358,7.4106,7.5247,-0.11410000000000053,-1.5163,190733.06,161134.567
851,000006.SZ,20170830,7.4282,7.8228,7.3931,7.5247,7.3756,0.1490999999999998,2.0215,307322.69,265302.514
852,000006.SZ,20170829,7.4194,7.4808,7.358,7.3756,7.3756,0.0,0.0,88879.5,74982.712
853,000006.SZ,20170828,7.3317,7.4019,7.3229,7.3756,7.3405,0.0351000000000008,0.4782,98041.48,82404.373
854,000006.SZ,20170825,7.2528,7.3405,7.2352,7.3405,7.2616,0.07889999999999997,1.0865,74982.76,62479.221
855,000006.SZ,20170824,7.2703,7.3668,7.2352,7.2616,7.2703,-0.008700000000000152,-0.1197,81645.0,68041.018
856,000006.SZ,20170823,7.3054,7.3054,7.2528,7.2703,7.3054,-0.03509999999999991,-0.4805,50640.92,42030.91
857,000006.SZ,20170822,7.3493,7.3756,7.2703,7.3054,7.3405,-0.03509999999999991,-0.4782,90319.96,75433.57
858,000006.SZ,20170821,7.3668,7.3843,7.2966,7.3405,7.3317,0.008799999999999919,0.12,97518.72,81582.507
859,000006.SZ,20170818,7.2528,7.358,7.2177,7.3317,7.2703,0.0613999999999999,0.8445,136918.8,114078.174
860,000006.SZ,20170817,7.2089,7.2791,7.2002,7.2703,7.244,0.02629999999999999,0.3631,83632.5,69079.287
861,000006.SZ,20170816,7.2352,7.2616,7.1826,7.244,7.244,0.0,0.0,62089.97,51110.575
862,000006.SZ,20170815,7.1739,7.2703,7.1475,7.244,7.1739,0.07010000000000005,0.9772,86352.87,71045.441
863,000006.SZ,20170814,7.13,7.2002,7.1212,7.1739,7.1212,0.05269999999999975,0.74,86856.87,70978.35
864,000006.SZ,20170811,7.3142,7.3317,7.1037,7.1212,7.3668,-0.2455999999999996,-3.3339,152034.0,124835.861
865,000006.SZ,20170810,7.3668,7.4545,7.3229,7.3668,7.3931,-0.02629999999999999,-0.3557,107820.11,90814.382
866,000006.SZ,20170809,7.3668,7.472,7.3405,7.3931,7.4194,-0.026300000000000878,-0.3545,103416.47,87410.253
867,000006.SZ,20170808,7.3668,7.472,7.2879,7.4194,7.3668,0.05260000000000087,0.714,120272.48,101149.607
868,000006.SZ,20170807,7.3317,7.3756,7.3054,7.3668,7.3229,0.04389999999999983,0.5995,72995.8,61130.909
869,000006.SZ,20170804,7.3054,7.3668,7.3054,7.3229,7.3142,0.008700000000000152,0.1189,74276.58,62089.086
870,000006.SZ,20170803,7.4106,7.4194,7.2966,7.3142,7.4194,-0.10520000000000085,-1.4179,144142.9,120731.244
871,000006.SZ,20170802,7.5422,7.5948,7.4106,7.4194,7.5685,-0.1490999999999998,-1.97,158340.86,134883.491
872,000006.SZ,20170801,7.4457,7.5685,7.4194,7.5685,7.4633,0.10519999999999996,1.4096,194588.9,166852.852
873,000006.SZ,20170731,7.4282,7.5071,7.3843,7.4633,7.4545,0.008799999999999919,0.118,123848.82,105353.39
874,000006.SZ,20170728,7.4983,7.5159,7.4282,7.4545,7.5334,-0.07889999999999997,-1.0473,97197.41,82784.318
875,000006.SZ,20170727,7.4194,7.5685,7.3668,7.5334,7.4106,0.12280000000000069,1.6571,170535.75,145974.889
876,000006.SZ,20170726,7.5159,7.5334,7.3229,7.4106,7.5334,-0.12280000000000069,-1.6301,129661.02,109445.727
877,000006.SZ,20170725,7.437,7.5334,7.437,7.5334,7.4808,0.05259999999999998,0.7031,114317.17,97475.67
878,000006.SZ,20170724,7.4019,7.5159,7.3668,7.4808,7.4282,0.05259999999999998,0.7081,128751.27,109688.947
879,000006.SZ,20170721,7.3931,7.472,7.3142,7.4282,7.4457,-0.01750000000000007,-0.235,119924.34,101327.696
880,000006.SZ,20170720,7.3054,7.6211,7.2791,7.4457,7.2528,0.19290000000000074,2.6597,217049.9,185075.832
881,000006.SZ,20170719,7.1826,7.2879,7.1212,7.2528,7.1826,0.07019999999999982,0.9774,99738.35,82087.396
882,000006.SZ,20170718,7.0949,7.1914,7.0686,7.1826,7.1037,0.07889999999999997,1.1107,95322.78,77663.04
883,000006.SZ,20170717,7.4106,7.437,6.9108,7.1037,7.4106,-0.30689999999999973,-4.1414,207383.6,168523.549
884,000006.SZ,20170714,7.5247,7.5247,7.3668,7.4106,7.5071,-0.0965000000000007,-1.2854,119980.5,101497.84
885,000006.SZ,20170713,7.4633,7.5685,7.4545,7.5071,7.4282,0.07889999999999997,1.0622,137511.58,117765.618
886,000006.SZ,20170712,7.5422,7.5773,7.3668,7.4282,7.5334,-0.10519999999999996,-1.3964,181578.51,154121.414
887,000006.SZ,20170711,7.551,7.6211,7.5247,7.5334,7.551,-0.017599999999999838,-0.2331,165568.31,142929.382
888,000006.SZ,20170710,7.437,7.6036,7.4194,7.551,7.472,0.07899999999999974,1.0573,157851.51,135576.066
889,000006.SZ,20170707,7.4457,7.5334,7.437,7.472,7.472,0.0,0.0,106971.33,91339.286
890,000006.SZ,20170706,7.5071,7.5948,7.4457,7.472,7.5948,-0.1227999999999998,-1.6169,144788.18,123903.318
891,000006.SZ,20170705,7.4896,7.5948,7.4896,7.5948,7.5071,0.08769999999999989,1.1682,102135.9,88091.925
892,000006.SZ,20170704,7.5773,7.6299,7.4808,7.5071,7.5773,-0.07019999999999982,-0.9265,153022.29,131679.44
893,000006.SZ,20170703,7.7702,7.7878,7.5247,7.5773,7.7264,-0.1490999999999998,-1.9297,226873.27,196495.503
894,000006.SZ,20170630,7.7878,7.8228,7.7001,7.7264,7.779,-0.05259999999999998,-0.6762,146187.81,129075.318
895,000006.SZ,20170629,7.6299,7.8316,7.6124,7.779,7.6387,0.14029999999999987,1.8367,353090.65,312458.549
896,000006.SZ,20170628,7.6211,7.7527,7.5597,7.6387,7.6474,-0.008700000000000152,-0.1138,168720.96,147860.247
897,000006.SZ,20170627,7.6124,7.7088,7.5948,7.6474,7.6299,0.01750000000000007,0.2294,147643.8,128861.705
898,000006.SZ,20170626,7.5334,7.7001,7.5159,7.6299,7.5334,0.09649999999999981,1.281,238686.94,207565.01
899,000006.SZ,20170623,7.4545,7.5948,7.3756,7.5334,7.4545,0.07889999999999997,1.0584,158170.03,134845.167
900,000006.SZ,20170622,7.6562,7.7527,7.4282,7.4545,7.6825,-0.22799999999999976,-2.9678,210673.15,182944.546
901,000006.SZ,20170621,7.7527,7.779,7.6387,7.6825,7.779,-0.09649999999999981,-1.2405,184173.0,161557.587
902,000006.SZ,20170620,7.7614,7.8491,7.6474,7.779,7.7614,0.017599999999999838,0.2268,254645.09,224496.716
903,000006.SZ,20170619,7.6562,7.8316,7.6299,7.7614,7.665,0.09640000000000004,1.2577,249936.31,221358.305
904,000006.SZ,20170616,7.7088,7.7439,7.5948,7.665,7.6825,-0.01750000000000007,-0.2278,204852.61,178879.142
905,000006.SZ,20170615,7.5882,7.7085,7.5882,7.6827,7.6483,0.034399999999999764,0.4498,192931.5,172210.567
906,000006.SZ,20170614,7.571,7.7171,7.5194,7.6483,7.7171,-0.06880000000000042,-0.8915,271868.51,240663.431
907,000006.SZ,20170613,7.6226,7.7601,7.528,7.7171,7.6827,0.03440000000000065,0.4478,295052.67,262284.433
908,000006.SZ,20170612,7.8202,7.8202,7.571,7.6827,7.8374,-0.15470000000000006,-1.9739,379326.54,339379.065
909,000006.SZ,20170609,7.6569,7.8718,7.5882,7.8374,7.6054,0.23199999999999932,3.0505,535268.65,482242.701
910,000006.SZ,20170608,7.5624,7.8804,7.528,7.6054,7.5796,0.025800000000000267,0.3404,511033.79,457781.636
911,000006.SZ,20170607,7.3304,7.6483,7.2702,7.5796,7.3304,0.2492000000000001,3.3995,400893.09,348953.911
912,000006.SZ,20170606,7.253,7.5194,7.253,7.3304,7.2874,0.04300000000000015,0.5901,271030.74,232704.336
913,000006.SZ,20170605,7.2788,7.339,7.2187,7.2874,7.2788,0.008599999999999497,0.1182,174029.71,147632.038
914,000006.SZ,20170602,7.0554,7.3218,7.0124,7.2788,7.0554,0.2234000000000007,3.1664,253068.7,211796.167
915,000006.SZ,20170601,7.1327,7.296,7.0296,7.0554,7.2101,-0.15470000000000006,-2.1456,162560.3,135578.171
916,000006.SZ,20170531,7.4249,7.4249,7.1499,7.2101,7.2702,-0.060100000000000264,-0.8267,255300.0,216260.967
917,000006.SZ,20170526,7.1413,7.3991,7.064,7.2702,7.1327,0.13750000000000018,1.9277,255035.65,215006.386
918,000006.SZ,20170525,6.9179,7.1843,6.9093,7.1327,6.9609,0.17180000000000017,2.4681,217960.57,179219.119
919,000006.SZ,20170524,6.9179,6.978,6.5999,6.9609,7.021,-0.060100000000000264,-0.856,200289.04,159152.505
920,000006.SZ,20170523,7.2015,7.3562,7.0038,7.021,7.2358,-0.21480000000000032,-2.9686,292869.32,245742.429
921,000006.SZ,20170522,7.3476,7.5366,7.1843,7.2358,7.5366,-0.30079999999999973,-3.9912,323306.86,275472.208
922,000006.SZ,20170519,7.0382,7.6913,7.0038,7.5366,6.9952,0.5414000000000003,7.7396,751879.08,649724.654
923,000006.SZ,20170518,6.8663,7.021,6.8319,6.9952,6.9265,0.06869999999999976,0.9918,145468.69,117867.495
924,000006.SZ,20170517,6.8663,7.0898,6.7718,6.9265,6.9265,0.0,0.0,155753.05,125838.777
925,000006.SZ,20170516,6.7288,7.1499,6.5999,6.9265,6.7546,0.17189999999999994,2.5449,172081.19,137190.424
926,000006.SZ,20170515,6.7804,6.8319,6.6859,6.7546,6.8749,-0.1203000000000003,-1.7498,107299.79,84381.404
927,000006.SZ,20170512,6.789,6.9609,6.7202,6.8749,6.7976,0.07730000000000015,1.1372,163562.12,130454.219
928,000006.SZ,20170511,6.6171,6.7976,6.5398,6.7976,6.6601,0.13750000000000018,2.0645,128797.03,100197.9
929,000006.SZ,20170510,6.8234,6.8921,6.6429,6.6601,6.7976,-0.13750000000000018,-2.0228,113275.36,89246.736
930,000006.SZ,20170509,6.7116,6.8234,6.6773,6.7976,6.7202,0.07739999999999991,1.1518,101416.08,79733.94
931,000006.SZ,20170508,6.9866,7.0038,6.6773,6.7202,7.0038,-0.28359999999999985,-4.0492,177570.35,142306.47
932,000006.SZ,20170505,7.2015,7.2702,6.9952,7.0038,7.2444,-0.2405999999999997,-3.3212,153557.54,127692.956
933,000006.SZ,20170504,7.2273,7.3476,7.1671,7.2444,7.2101,0.0343,0.4757,182002.11,153842.468
934,000006.SZ,20170503,7.1155,7.3819,7.0382,7.2101,7.1069,0.10319999999999929,1.4521,207912.9,174254.088
935,000006.SZ,20170502,7.1327,7.1585,7.0726,7.1069,7.1499,-0.04299999999999926,-0.6014,85887.73,71044.576
936,000006.SZ,20170428,7.0812,7.2187,7.0468,7.1499,7.0468,0.10309999999999953,1.4631,150314.42,124653.709
937,000006.SZ,20170427,7.0382,7.0898,6.8835,7.0468,7.064,-0.017199999999999882,-0.2435,156375.01,127068.368
938,000006.SZ,20170426,7.0296,7.0898,6.9866,7.064,6.9866,0.07739999999999991,1.1078,128182.59,105004.475
939,000006.SZ,20170425,6.9952,7.1069,6.9351,6.9866,6.9523,0.0343,0.4934,116435.71,95195.277
940,000006.SZ,20170424,7.2273,7.2444,6.8921,6.9523,7.2187,-0.26639999999999997,-3.6904,204063.44,166787.973
941,000006.SZ,20170421,7.2273,7.3046,7.2187,7.2187,7.2358,-0.017100000000000115,-0.2363,119548.38,100867.586
942,000006.SZ,20170420,7.3304,7.4077,7.1499,7.2358,7.3562,-0.12040000000000006,-1.6367,149845.72,127239.815
943,000006.SZ,20170419,7.3905,7.4249,7.2101,7.3562,7.4765,-0.12029999999999941,-1.609,214485.72,182268.873
944,000006.SZ,20170418,7.5194,7.6054,7.4765,7.4765,7.5194,-0.04290000000000038,-0.5705,191933.64,168559.176
945,000006.SZ,20170417,7.6483,7.6913,7.4593,7.5194,7.6913,-0.17189999999999994,-2.235,259973.15,228409.545
946,000006.SZ,20170414,7.9577,8.0265,7.6312,7.6913,8.0436,-0.3522999999999996,-4.3799,457480.14,412707.366
947,000006.SZ,20170413,8.1983,8.2069,7.8202,8.0436,8.3101,-0.2665000000000006,-3.2069,597417.41,557426.084
948,000006.SZ,20170412,8.164,8.585,7.9577,8.3101,7.8632,0.4469000000000003,5.6834,1276473.14,1229765.187
949,000006.SZ,20170411,7.3476,7.9921,7.2874,7.8632,7.3476,0.5156000000000001,7.0173,516039.67,458974.207
950,000006.SZ,20170410,7.3218,7.4335,7.2702,7.3476,7.339,0.008599999999999497,0.1172,146361.7,125622.675
951,000006.SZ,20170407,7.3304,7.4163,7.2702,7.339,7.3304,0.008600000000000385,0.1173,132244.53,113111.003
952,000006.SZ,20170406,7.253,7.3562,7.2187,7.3304,7.2616,0.06880000000000042,0.9474,132004.67,112341.565
953,000006.SZ,20170405,7.1155,7.2788,7.1155,7.2616,7.1155,0.14609999999999967,2.0533,112033.58,94061.865
954,000006.SZ,20170331,7.1069,7.1929,7.0983,7.1155,7.0296,0.08589999999999964,1.222,84138.66,69786.167
955,000006.SZ,20170330,7.253,7.2874,7.021,7.0296,7.2874,-0.2577999999999996,-3.5376,168691.09,139529.822
956,000006.SZ,20170329,7.3304,7.3733,7.2702,7.2874,7.3046,-0.017199999999999882,-0.2355,77999.37,66410.004
957,000006.SZ,20170328,7.3648,7.3648,7.3046,7.3046,7.3562,-0.051600000000000534,-0.7014,54548.76,46469.205
958,000006.SZ,20170327,7.3562,7.3991,7.2874,7.3562,7.3648,-0.008599999999999497,-0.1168,83613.01,71511.502
959,000006.SZ,20170324,7.3304,7.3819,7.2874,7.3648,7.3304,0.034399999999999764,0.4693,86296.65,73698.28
960,000006.SZ,20170323,7.3648,7.3819,7.2616,7.3304,7.339,-0.008600000000000385,-0.1172,99243.83,84548.96
961,000006.SZ,20170322,7.4249,7.4507,7.3046,7.339,7.4593,-0.12029999999999941,-1.6128,113375.83,97175.795
962,000006.SZ,20170321,7.4765,7.4937,7.4335,7.4593,7.4765,-0.017199999999999882,-0.2301,93575.76,81191.197
963,000006.SZ,20170320,7.5452,7.5452,7.4335,7.4765,7.5452,-0.06870000000000065,-0.9105,112368.82,97652.625
964,000006.SZ,20170317,7.5968,7.6655,7.5452,7.5452,7.571,-0.02579999999999938,-0.3408,227397.16,201171.373
965,000006.SZ,20170316,7.5194,7.5796,7.4937,7.571,7.4679,0.10309999999999953,1.3806,143332.25,125772.215
966,000006.SZ,20170315,7.5194,7.5538,7.4421,7.4679,7.5452,-0.07730000000000015,-1.0245,91098.99,79218.484
967,000006.SZ,20170314,7.528,7.6655,7.4765,7.5452,7.528,0.01720000000000077,0.2285,165273.36,145304.434
968,000006.SZ,20170313,7.5624,7.571,7.4163,7.528,7.5968,-0.06880000000000042,-0.9056,128941.43,112440.304
969,000006.SZ,20170310,7.5108,7.6913,7.5023,7.5968,7.528,0.06880000000000042,0.9139,201531.77,178260.708
970,000006.SZ,20170309,7.5796,7.7085,7.5108,7.528,7.4679,0.060099999999999376,0.8048,249664.69,220875.314
971,000006.SZ,20170308,7.4765,7.5194,7.4335,7.4679,7.4937,-0.02579999999999938,-0.3443,79531.97,69210.043
972,000006.SZ,20170307,7.4593,7.5366,7.4249,7.4937,7.4507,0.04299999999999926,0.5771,87345.91,76046.699
973,000006.SZ,20170306,7.3648,7.4679,7.3562,7.4507,7.3819,0.06880000000000042,0.932,89258.83,77114.792
974,000006.SZ,20170303,7.3991,7.4163,7.296,7.3819,7.4163,-0.034399999999999764,-0.4638,99336.96,85000.176
975,000006.SZ,20170302,7.5452,7.5796,7.4163,7.4163,7.5366,-0.1203000000000003,-1.5962,119909.4,104589.25
976,000006.SZ,20170301,7.571,7.5968,7.5194,7.5366,7.5452,-0.008600000000000385,-0.114,112820.7,99083.082
977,000006.SZ,20170228,7.571,7.5968,7.4851,7.5452,7.5624,-0.017199999999999882,-0.2274,107858.01,94690.111
978,000006.SZ,20170227,7.614,7.6483,7.5538,7.5624,7.614,-0.051599999999999646,-0.6777,132734.44,117046.507
979,000006.SZ,20170224,7.5882,7.6226,7.5624,7.614,7.6054,0.008599999999999497,0.1131,90806.38,80224.97
980,000006.SZ,20170223,7.6483,7.7171,7.5452,7.6054,7.6827,-0.07729999999999926,-1.0062,137264.98,121554.972
981,000006.SZ,20170222,7.6655,7.7601,7.6226,7.6827,7.6655,0.017199999999999882,0.2244,149203.6,133390.507
982,000006.SZ,20170221,7.5968,7.6913,7.5796,7.6655,7.5968,0.06869999999999976,0.9043,152830.74,135768.385
983,000006.SZ,20170220,7.5624,7.614,7.5538,7.5968,7.5452,0.051599999999999646,0.6839,129959.62,114694.067
984,000006.SZ,20170217,7.6827,7.7429,7.5366,7.5452,7.7171,-0.17189999999999994,-2.2275,175309.12,155411.022
985,000006.SZ,20170216,7.6741,7.7515,7.6226,7.7171,7.7343,-0.017199999999999882,-0.2224,183513.62,164029.262
986,000006.SZ,20170215,7.614,7.9577,7.571,7.7343,7.614,0.1203000000000003,1.58,363182.67,327702.888
987,000006.SZ,20170214,7.5624,7.6312,7.5366,7.614,7.5624,0.051599999999999646,0.6823,137129.64,121122.071
988,000006.SZ,20170213,7.5366,7.6054,7.5023,7.5624,7.5538,0.008600000000000385,0.1138,116294.72,102358.851
989,000006.SZ,20170210,7.5882,7.6226,7.5452,7.5538,7.6226,-0.06880000000000042,-0.9026,117629.47,103585.255
990,000006.SZ,20170209,7.528,7.6397,7.528,7.6226,7.5624,0.06020000000000003,0.796,154541.86,136487.308
991,000006.SZ,20170208,7.5452,7.571,7.4507,7.5624,7.571,-0.008599999999999497,-0.1136,118266.53,103266.413
992,000006.SZ,20170207,7.5194,7.614,7.4421,7.571,7.528,0.04300000000000015,0.5712,149663.01,131107.943
993,000006.SZ,20170206,7.4249,7.5452,7.4077,7.528,7.4249,0.10309999999999953,1.3886,115666.8,100897.658
994,000006.SZ,20170203,7.4679,7.5023,7.3991,7.4249,7.4507,-0.025800000000000267,-0.3463,59493.95,51461.485
995,000006.SZ,20170126,7.4163,7.4679,7.3991,7.4507,7.4163,0.03440000000000065,0.4638,80603.48,69717.985
996,000006.SZ,20170125,7.339,7.5624,7.3304,7.4163,7.3476,0.06869999999999976,0.935,115498.52,99864.025
997,000006.SZ,20170124,7.3905,7.4421,7.339,7.3476,7.3905,-0.04290000000000038,-0.5805,71254.0,61185.894
998,000006.SZ,20170123,7.3562,7.4593,7.3304,7.3905,7.339,0.05149999999999988,0.7017,90178.13,77752.599
999,000006.SZ,20170120,7.2444,7.3905,7.2444,7.339,7.2616,0.0774000000000008,1.0659,81675.14,69732.826
1000,000006.SZ,20170119,7.3476,7.3648,7.2444,7.2616,7.3648,-0.10320000000000018,-1.4013,84417.19,71647.685
1001,000006.SZ,20170118,7.2788,7.5108,7.2788,7.3648,7.339,0.02579999999999938,0.3515,123179.97,105859.979
1002,000006.SZ,20170117,7.2015,7.3905,7.1413,7.339,7.2616,0.0774000000000008,1.0659,135176.38,115022.89
1003,000006.SZ,20170116,7.5624,7.6312,6.8749,7.2616,7.5882,-0.3266,-4.3041,240487.67,204314.688
1004,000006.SZ,20170113,7.8976,7.8976,7.5452,7.5882,7.9921,-0.40390000000000015,-5.0537,385525.33,344040.688
1005,000006.SZ,20170112,8.2413,8.3702,7.9491,7.9921,8.3186,-0.32650000000000023,-3.9249,372744.04,354528.779
1006,000006.SZ,20170111,8.5335,8.585,8.3186,8.3186,8.3874,-0.06879999999999953,-0.8203,310462.02,305551.067
1007,000006.SZ,20170110,8.5249,8.5507,8.3101,8.3874,8.5507,-0.16330000000000133,-1.9098,346906.55,340138.43
1008,000006.SZ,20170109,8.5077,8.6624,8.4561,8.5507,8.6022,-0.05149999999999899,-0.5987,314037.74,312537.304
1009,000006.SZ,20170106,8.4218,8.8944,8.3874,8.6022,8.439,0.1631999999999998,1.9339,617394.76,618963.347
1010,000006.SZ,20170105,8.3788,8.4905,8.3444,8.439,8.4218,0.01720000000000077,0.2042,338308.57,331567.549
1011,000006.SZ,20170104,8.3186,8.4991,8.2241,8.4218,8.3101,0.11169999999999902,1.3441,400005.14,389672.269
1012,000006.SZ,20170103,8.164,8.4046,8.1382,8.3101,8.121,0.18909999999999982,2.3285,251674.3,243074.085
1013,000006.SZ,20161230,8.2069,8.353,8.0952,8.121,8.1811,-0.060100000000000264,-0.7346,188753.59,180421.48
1014,000006.SZ,20161229,8.2585,8.3101,8.164,8.1811,8.3616,-0.18049999999999855,-2.1587,228152.18,218155.337
1015,000006.SZ,20161228,8.1897,8.5765,8.1811,8.3616,8.2757,0.08589999999999876,1.038,425408.08,416489.535
1016,000006.SZ,20161227,8.2241,8.4218,8.164,8.2757,8.2585,0.01720000000000077,0.2083,307777.71,297232.636
1017,000006.SZ,20161226,8.1726,8.3358,8.1124,8.2585,8.2413,0.017199999999998994,0.2087,213275.49,204627.811
1018,000006.SZ,20161223,8.3874,8.439,8.1726,8.2413,8.585,-0.3437000000000001,-4.0035,406081.36,391411.162
1019,000006.SZ,20161222,8.353,8.7913,8.2671,8.585,8.3788,0.20620000000000083,2.461,686506.59,686475.938
1020,000006.SZ,20161221,8.4304,8.4905,8.1811,8.3788,8.4991,-0.1203000000000003,-1.4154,505619.25,490399.673
1021,000006.SZ,20161220,8.585,8.8858,8.3788,8.4991,8.7054,-0.20629999999999882,-2.3698,937434.66,940727.736
1022,000006.SZ,20161219,8.5936,8.7054,8.4476,8.7054,7.9147,0.7906999999999993,9.9903,1145551.93,1155804.426
1023,000006.SZ,20161216,7.846,8.121,7.846,7.9147,7.9062,0.00849999999999973,0.1075,171596.93,159291.682
1024,000006.SZ,20161215,7.7429,8.0522,7.6999,7.9062,7.8374,0.06880000000000042,0.8778,221159.3,204273.16
1025,000006.SZ,20161214,7.5538,8.164,7.4421,7.8374,7.6483,0.18909999999999982,2.4724,298987.54,271525.759
1026,000006.SZ,20161213,7.7171,7.7515,7.3132,7.6483,7.7944,-0.14610000000000056,-1.8744,206172.13,181557.175
1027,000006.SZ,20161212,8.0866,8.2327,7.6741,7.7944,8.0007,-0.2062999999999997,-2.5785,281127.26,259070.608
1028,000006.SZ,20161209,7.7257,8.2499,7.7257,8.0007,7.7171,0.28359999999999985,3.675,310454.26,291103.457
1029,000006.SZ,20161208,7.7429,7.803,7.7171,7.7171,7.7687,-0.051599999999999646,-0.6642,73842.15,66677.703
1030,000006.SZ,20161207,7.7343,7.7772,7.6569,7.7687,7.7515,0.017199999999999882,0.2219,81208.78,73034.908
1031,000006.SZ,20161206,7.6999,7.803,7.6741,7.7515,7.6741,0.07739999999999991,1.0086,110046.4,98932.121
1032,000006.SZ,20161205,8.0952,8.1124,7.6741,7.6741,8.0866,-0.41250000000000053,-5.101,243175.29,222212.599
1033,000006.SZ,20161202,8.3015,8.3358,8.0351,8.0866,8.3101,-0.2234999999999996,-2.6895,139510.34,133308.134
1034,000006.SZ,20161201,8.2155,8.3444,8.1983,8.3101,8.2499,0.06020000000000003,0.7297,160554.96,154468.574
1035,000006.SZ,20161130,8.2757,8.3788,8.1811,8.2499,8.2757,-0.025800000000000267,-0.3118,156592.31,150602.689
1036,000006.SZ,20161129,8.4647,8.5077,8.2585,8.2757,8.5249,-0.2492000000000001,-2.9232,215118.75,209271.649
1037,000006.SZ,20161128,8.4647,8.6968,8.4304,8.5249,8.4647,0.06020000000000003,0.7112,234953.65,234526.805
1038,000006.SZ,20161125,8.3101,8.4991,8.3015,8.4647,8.3444,0.1203000000000003,1.4417,200455.78,196689.577
1039,000006.SZ,20161124,8.3015,8.3874,8.2241,8.3444,8.3358,0.008599999999999497,0.1032,189357.04,182986.334
1040,000006.SZ,20161123,8.3015,8.4476,8.2327,8.3358,8.2929,0.04290000000000127,0.5173,217469.88,211071.811
1041,000006.SZ,20161122,8.2413,8.3444,8.2413,8.2929,8.2413,0.05159999999999876,0.6261,152708.65,147309.426
1042,000006.SZ,20161121,8.4046,8.4561,8.1554,8.2413,8.439,-0.19769999999999932,-2.3427,394511.72,380910.576
1043,000006.SZ,20161118,8.628,8.628,8.439,8.439,8.5936,-0.1546000000000003,-1.799,221396.04,219856.523
1044,000006.SZ,20161117,8.6452,8.6796,8.5593,8.5936,8.6882,-0.0945999999999998,-1.0888,190996.65,191150.16
1045,000006.SZ,20161116,8.6366,8.7827,8.5765,8.6882,8.6194,0.06879999999999953,0.7982,264770.76,267336.59
1046,000006.SZ,20161115,8.6108,8.714,8.5335,8.6194,8.6194,0.0,0.0,221369.89,222060.627
1047,000006.SZ,20161114,8.6796,8.714,8.5335,8.6194,8.7483,-0.1288999999999998,-1.4734,300165.1,300537.967
1048,000006.SZ,20161111,8.7827,8.8171,8.6366,8.7483,8.6968,0.05150000000000077,0.5922,303893.96,308785.107
1049,000006.SZ,20161110,8.671,8.7397,8.6452,8.6968,8.628,0.06879999999999953,0.7974,199337.31,201728.357
1050,000006.SZ,20161109,8.7311,8.7655,8.4647,8.628,8.7311,-0.10309999999999953,-1.1808,274664.42,275401.796
1051,000006.SZ,20161108,8.6968,8.7655,8.6366,8.7311,8.6796,0.05149999999999899,0.5933,171963.87,173903.828
1052,000006.SZ,20161107,8.7913,9.0491,8.6452,8.6796,8.86,-0.18039999999999878,-2.0361,287574.47,293280.119
1053,000006.SZ,20161104,8.7483,9.2811,8.6882,8.86,8.7397,0.1203000000000003,1.3765,416802.85,436803.403
1054,000006.SZ,20161103,8.714,8.8343,8.6022,8.7397,8.7569,-0.01720000000000077,-0.1964,355469.05,361453.007
1055,000006.SZ,20161102,8.6194,8.8343,8.6194,8.7569,8.714,0.042899999999999494,0.4923,361163.85,367560.786
1056,000006.SZ,20161101,8.4647,8.7311,8.4304,8.714,8.4561,0.25790000000000113,3.0499,310950.96,312606.158
1057,000006.SZ,20161031,8.4561,8.671,8.3616,8.4561,8.439,0.017099999999999227,0.2026,227951.36,225549.226
1058,000006.SZ,20161028,8.671,8.7225,8.396,8.439,8.671,-0.23199999999999932,-2.6756,254016.45,253685.4861
1059,000006.SZ,20161027,8.6366,8.7913,8.5765,8.671,8.671,0.0,0.0,212717.77,215334.1188
1060,000006.SZ,20161026,8.7569,8.8171,8.5765,8.671,8.7741,-0.1031000000000013,-1.175,254858.54,256992.8866
1061,000006.SZ,20161025,8.6452,8.8515,8.5936,8.7741,8.671,0.1031000000000013,1.189,340635.7,347015.5621
1062,000006.SZ,20161024,8.6022,8.7569,8.5335,8.671,8.6796,-0.008600000000001273,-0.0991,245499.31,247701.8099
1063,000006.SZ,20161021,8.5936,8.7311,8.4046,8.6796,8.5936,0.0860000000000003,1.0007,351039.55,350537.0465
1064,000006.SZ,20161020,8.7999,8.7999,8.5765,8.5936,8.86,-0.2663999999999991,-3.0068,483966.04,488657.699
1065,000006.SZ,20161019,8.8515,9.1952,8.7913,8.86,8.8858,-0.025800000000000267,-0.2904,574780.82,601996.8322
1066,000006.SZ,20161018,8.8085,8.9202,8.7311,8.8858,8.8085,0.07729999999999926,0.8776,364240.31,374775.3616
1067,000006.SZ,20161017,8.9202,8.9718,8.6882,8.8085,8.7569,0.051600000000000534,0.5892,386278.99,395861.112
1068,000006.SZ,20161014,9.0061,9.0921,8.6366,8.7569,8.9804,-0.2234999999999996,-2.4888,551105.94,569092.2471
1069,000006.SZ,20161013,9.1264,9.3069,8.9374,8.9804,9.1952,-0.21480000000000032,-2.336,586973.58,617411.274
1070,000006.SZ,20161012,8.7655,9.41,8.6882,9.1952,8.9632,0.23199999999999932,2.5884,1046995.7,1102598.0473
1071,000006.SZ,20161011,8.4905,9.2983,8.3788,8.9632,8.5249,0.4382999999999999,5.1414,1335286.89,1379688.5391
1072,000006.SZ,20161010,8.8085,9.135,8.4218,8.5249,8.3015,0.22339999999999982,2.6911,1158326.79,1175579.571
1073,000006.SZ,20160930,7.8202,8.5765,7.7944,8.3015,7.8632,0.4383000000000008,5.5741,877925.38,837182.5653
1074,000006.SZ,20160929,7.9921,8.1038,7.846,7.8632,7.8202,0.04300000000000015,0.5499,381947.04,352114.4426
1075,000006.SZ,20160928,7.7772,7.9491,7.7171,7.8202,7.7944,0.02579999999999938,0.331,298159.26,271980.8073
1076,000006.SZ,20160927,7.6913,7.8288,7.4851,7.7944,7.7944,0.0,0.0,398741.71,357065.1974
1077,000006.SZ,20160926,7.8374,8.1124,7.6827,7.7944,7.8288,-0.034399999999999764,-0.4394,635696.22,585123.2284
1078,000006.SZ,20160923,7.6913,7.8632,7.6312,7.8288,7.7515,0.07730000000000015,0.9972,408538.36,368541.4302
1079,000006.SZ,20160922,7.803,7.9319,7.7429,7.7515,7.7171,0.034399999999999764,0.4458,442778.21,403558.4414
1080,000006.SZ,20160921,7.8546,7.8632,7.7085,7.7171,7.9749,-0.2577999999999996,-3.2326,403425.24,365573.7392
1081,000006.SZ,20160920,7.7429,7.9835,7.6397,7.9749,7.7944,0.18049999999999944,2.3158,735886.94,668469.7354
1082,000006.SZ,20160919,7.7601,7.8718,7.5882,7.7944,7.6827,0.1117000000000008,1.4539,897525.95,807091.8819
1083,000006.SZ,20160914,8.0522,8.2327,7.6827,7.6827,8.2155,-0.5328000000000008,-6.4853,1156168.38,1067111.7229
1084,000006.SZ,20160913,7.9491,8.4304,7.9062,8.2155,7.6655,0.5500000000000007,7.175,1902152.47,1819101.6076
1085,000006.SZ,20160912,7.1757,7.6655,7.1757,7.6655,6.9694,0.6960999999999995,9.9879,593364.66,522235.851
1086,000006.SZ,20160909,7.0726,7.0812,6.9609,6.9694,7.0726,-0.10320000000000018,-1.4592,111621.62,91014.5766
1087,000006.SZ,20160908,7.0296,7.1155,6.978,7.0726,7.0726,0.0,0.0,114577.98,94150.5046
1088,000006.SZ,20160907,7.0726,7.1327,7.0468,7.0726,7.0726,0.0,0.0,132015.43,109035.7027
1089,000006.SZ,20160906,7.0468,7.1155,6.9523,7.0726,7.0898,-0.017199999999999882,-0.2426,139386.05,114157.9392
1090,000006.SZ,20160905,6.9952,7.1585,6.9609,7.0898,6.9609,0.12890000000000068,1.8518,137482.95,113175.4715
1091,000006.SZ,20160902,6.9952,7.0983,6.8921,6.9609,7.0296,-0.06870000000000065,-0.9773,147809.83,120232.1891
1092,000006.SZ,20160901,7.3132,7.3132,7.0038,7.0296,7.3046,-0.27499999999999947,-3.7648,246595.99,204883.8782
1093,000006.SZ,20160831,7.1327,7.4249,7.1327,7.3046,7.1843,0.12029999999999941,1.6745,275556.83,234662.9414
1094,000006.SZ,20160830,7.1499,7.296,7.1499,7.1843,7.1241,0.06020000000000003,0.845,211516.68,177936.4612
1095,000006.SZ,20160829,7.1155,7.1757,7.0468,7.1241,7.0983,0.025800000000000267,0.3635,113861.46,94326.9606
1096,000006.SZ,20160826,7.1843,7.2358,7.0812,7.0983,7.1671,-0.06879999999999953,-0.9599,180421.93,150595.8942
1097,000006.SZ,20160825,7.1499,7.2015,6.9866,7.1671,7.2358,-0.06870000000000065,-0.9494,276634.71,228342.6795
1098,000006.SZ,20160824,7.3046,7.4937,7.2015,7.2358,7.3562,-0.12040000000000006,-1.6367,256674.18,219975.0296
1099,000006.SZ,20160823,7.3132,7.4163,7.2444,7.3562,7.3132,0.04300000000000015,0.588,227848.33,194308.3864
1100,000006.SZ,20160822,7.4679,7.571,7.2788,7.3132,7.5194,-0.20619999999999994,-2.7422,336572.49,289935.909
1101,000006.SZ,20160819,7.6655,7.6999,7.4679,7.5194,7.7429,-0.2234999999999996,-2.8865,521727.57,458621.7173
1102,000006.SZ,20160818,7.4593,8.0436,7.3905,7.7429,7.571,0.17189999999999994,2.2705,937684.1,842813.5084
1103,000006.SZ,20160817,7.4937,7.889,7.4163,7.571,7.4937,0.07730000000000015,1.0315,938075.07,841006.0791
1104,000006.SZ,20160816,7.339,7.8202,7.1843,7.4937,7.3476,0.14609999999999967,1.9884,893395.85,778114.9074
1105,000006.SZ,20160815,7.2187,7.5796,7.1671,7.3476,7.1585,0.18909999999999982,2.6416,856127.64,733781.3517
1106,000006.SZ,20160812,6.9694,7.1843,6.8234,7.1585,6.9609,0.19760000000000044,2.8387,617371.06,505501.6769
1107,000006.SZ,20160811,7.0382,7.1499,6.9265,6.9609,7.021,-0.060100000000000264,-0.856,445969.92,366165.9954
1108,000006.SZ,20160810,7.0898,7.1499,6.978,7.021,7.1585,-0.13750000000000018,-1.9208,421507.83,345793.6601
1109,000006.SZ,20160809,7.021,7.2616,6.9694,7.1585,7.0812,0.07730000000000015,1.0916,554870.95,458431.0559
1110,000006.SZ,20160808,7.0296,7.3562,6.9866,7.0812,7.0382,0.04300000000000015,0.611,692357.46,576164.9596
1111,000006.SZ,20160805,7.0554,7.2015,7.021,7.0382,7.1843,-0.14610000000000056,-2.0336,669759.65,552021.2881
1112,000006.SZ,20160804,7.0726,7.2444,6.9351,7.1843,6.9694,0.2149000000000001,3.0835,1219022.73,1004160.8911
1113,000006.SZ,20160803,6.3851,6.9694,6.3679,6.9694,6.3335,0.6359000000000004,10.0403,610141.11,485934.1092
1114,000006.SZ,20160802,6.2132,6.3421,6.196,6.3335,6.2046,0.1288999999999998,2.0775,84038.16,61330.308
1115,000006.SZ,20160801,6.3335,6.3335,6.153,6.2046,6.3851,-0.18050000000000033,-2.8269,118110.74,85568.9121
1116,000006.SZ,20160729,6.4023,6.4882,6.3421,6.3851,6.3851,0.0,0.0,113884.42,84909.1958
1117,000006.SZ,20160728,6.4023,6.428,6.239,6.3851,6.3593,0.025800000000000267,0.4057,142661.01,105354.9138
1118,000006.SZ,20160727,6.5913,6.6515,6.239,6.3593,6.5913,-0.2320000000000002,-3.5198,256469.87,192421.816
1119,000006.SZ,20160726,6.514,6.5913,6.514,6.5913,6.5398,0.05150000000000077,0.7875,126792.44,96888.9319
1120,000006.SZ,20160725,6.514,6.5913,6.471,6.5398,6.514,0.02579999999999938,0.3961,85018.49,64720.1716
1121,000006.SZ,20160722,6.5827,6.6171,6.4882,6.514,6.5999,-0.08589999999999964,-1.3015,114113.94,87136.3098
1122,000006.SZ,20160721,6.5484,6.7202,6.5484,6.5999,6.5569,0.04300000000000015,0.6558,175263.37,135036.822
1123,000006.SZ,20160720,6.5655,6.6343,6.5226,6.5569,6.5741,-0.017199999999999882,-0.2616,155532.49,119166.6325
1124,000006.SZ,20160719,6.4624,6.5999,6.4538,6.5741,6.471,0.10309999999999953,1.5933,146155.11,111233.4639
1125,000006.SZ,20160718,6.5655,6.5655,6.4452,6.471,6.5655,-0.09450000000000003,-1.4393,101939.98,77079.7231
1126,000006.SZ,20160715,6.5827,6.6515,6.5484,6.5655,6.5655,0.0,0.0,104281.8,80047.0075
1127,000006.SZ,20160714,6.5655,6.6601,6.5226,6.5655,6.6171,-0.051599999999999646,-0.7798,164199.44,125959.8432
1128,000006.SZ,20160713,6.4968,6.6429,6.4968,6.6171,6.5226,0.09450000000000003,1.4488,275500.53,210989.7331
1129,000006.SZ,20160712,6.4452,6.5226,6.3507,6.5226,6.4452,0.07739999999999991,1.2009,191654.4,143686.8202
1130,000006.SZ,20160711,6.5226,6.5484,6.4366,6.4452,6.5226,-0.07739999999999991,-1.1866,146938.33,110937.6276
1131,000006.SZ,20160708,6.4968,6.5484,6.428,6.5226,6.4968,0.02579999999999938,0.3971,161533.63,121909.6739
1132,000006.SZ,20160707,6.5484,6.5655,6.4109,6.4968,6.6257,-0.1288999999999998,-1.9455,218713.99,165015.5923
1133,000006.SZ,20160706,6.4882,6.8577,6.471,6.6257,6.4538,0.17189999999999994,2.6635,425298.73,329786.5623
1134,000006.SZ,20160705,6.4195,6.514,6.3765,6.4538,6.4109,0.04290000000000038,0.6692,194971.74,146265.7497
1135,000006.SZ,20160704,6.2218,6.428,6.2218,6.4109,6.2991,0.11179999999999968,1.7749,195278.8,144800.8062
1136,000006.SZ,20160701,6.3593,6.3937,6.2991,6.2991,6.3335,-0.034399999999999764,-0.5431,112010.63,82648.0518
1137,000006.SZ,20160630,6.3593,6.3937,6.2991,6.3335,6.3593,-0.025800000000000267,-0.4057,123296.76,91004.5141
1138,000006.SZ,20160629,6.4366,6.4968,6.3335,6.3593,6.4195,-0.06020000000000003,-0.9378,172018.67,127612.0965
1139,000006.SZ,20160628,6.3421,6.4796,6.2734,6.4195,6.3593,0.06020000000000003,0.9466,255011.79,190250.779
1140,000006.SZ,20160627,6.2648,6.3765,6.239,6.3593,6.3077,0.051600000000000534,0.818,181804.36,133776.9564
1141,000006.SZ,20160624,6.196,6.4023,6.0241,6.3077,6.2132,0.09450000000000003,1.521,290268.72,210806.0838
1142,000006.SZ,20160623,6.2562,6.3507,6.1874,6.2132,6.239,-0.025800000000000267,-0.4135,168187.31,122590.177
1143,000006.SZ,20160622,6.0671,6.3163,6.0671,6.239,6.1187,0.1203000000000003,1.9661,156941.54,113720.4308
1144,000006.SZ,20160621,6.1702,6.239,6.0671,6.1187,6.1273,-0.008600000000000385,-0.1404,111131.7,79847.6789
1145,000006.SZ,20160620,6.1359,6.1788,6.0671,6.1273,6.2132,-0.08589999999999964,-1.3825,102545.71,73067.0025
1146,000006.SZ,20160617,6.0585,6.3507,6.0327,6.2132,6.0155,0.19769999999999932,3.2865,205603.15,147449.1005
1147,000006.SZ,20160616,6.0746,6.1,5.9901,6.0155,6.0746,-0.05909999999999993,-0.9729,110062.53,78531.961
1148,000006.SZ,20160615,5.9225,6.1338,5.8803,6.0746,5.9648,0.1097999999999999,1.8408,118400.38,84878.2035
1149,000006.SZ,20160614,5.9563,5.9901,5.9141,5.9648,5.9563,0.008500000000000618,0.1427,98058.6,69158.4431
1150,000006.SZ,20160613,6.1929,6.2013,5.9563,5.9563,6.2351,-0.2788000000000004,-4.4715,154725.2,111363.5391
1151,000006.SZ,20160608,6.2351,6.2774,6.2013,6.2351,6.252,-0.016899999999999693,-0.2703,106518.39,78686.3516
1152,000006.SZ,20160607,6.3365,6.345,6.2436,6.252,6.3365,-0.08450000000000024,-1.3335,112846.52,83789.085
1153,000006.SZ,20160606,6.3196,6.3957,6.2774,6.3365,6.345,-0.00849999999999973,-0.134,134733.39,100996.0921
1154,000006.SZ,20160603,6.3619,6.4041,6.2774,6.345,6.3534,-0.008399999999999963,-0.1322,159036.85,119510.4299
1155,000006.SZ,20160602,6.2182,6.3703,6.2098,6.3534,6.2436,0.1097999999999999,1.7586,213099.15,159306.9623
1156,000006.SZ,20160601,6.2436,6.3112,6.2098,6.2436,6.2351,0.00849999999999973,0.1363,165806.18,122720.4442
1157,000006.SZ,20160531,6.0239,6.2436,6.0239,6.2351,6.0324,0.2027000000000001,3.3602,194845.92,142617.6144
1158,000006.SZ,20160530,6.1253,6.1422,6.0239,6.0324,6.2013,-0.16889999999999983,-2.7236,103816.78,74552.5978
1159,000006.SZ,20160527,6.0746,6.3619,5.9648,6.2013,6.0831,0.11819999999999986,1.9431,221793.54,162429.4743
1160,000006.SZ,20160526,6.1338,6.1338,5.9225,6.0831,6.1,-0.016899999999999693,-0.277,98598.17,70230.8793
1161,000006.SZ,20160525,6.1676,6.2267,6.0662,6.1,6.1591,-0.05909999999999993,-0.9596,72870.46,53011.012
1162,000006.SZ,20160524,6.1676,6.252,6.1253,6.1591,6.1929,-0.033800000000000274,-0.5458,88480.6,64828.6065
1163,000006.SZ,20160523,6.1507,6.2436,6.1,6.1929,6.1,0.0929000000000002,1.523,80997.38,59351.9221
1164,000006.SZ,20160520,6.0746,6.1422,6.0155,6.1,6.0831,0.016899999999999693,0.2778,59128.53,42503.0394
1165,000006.SZ,20160519,6.0915,6.1507,6.0408,6.0831,6.0746,0.00849999999999973,0.1399,64070.57,46293.1735
1166,000006.SZ,20160518,6.2013,6.252,5.9986,6.0746,6.2351,-0.16049999999999986,-2.5741,88159.13,63520.2875
1167,000006.SZ,20160517,6.2098,6.2774,6.1591,6.2351,6.2098,0.025299999999999656,0.4074,73679.06,54172.1279
1168,000006.SZ,20160516,6.1169,6.2182,6.0746,6.2098,6.1169,0.0929000000000002,1.5187,72682.06,52943.7669
1169,000006.SZ,20160513,6.1929,6.2858,6.0155,6.1169,6.1676,-0.05069999999999997,-0.822,78796.72,57568.1507
1170,000006.SZ,20160512,6.1084,6.1929,5.9648,6.1676,6.2351,-0.0674999999999999,-1.0826,100431.67,72379.0218
1171,000006.SZ,20160511,6.2605,6.421,6.2098,6.2351,6.2351,0.0,0.0,92124.05,68911.2092
1172,000006.SZ,20160510,6.3281,6.3281,6.1845,6.2351,6.2689,-0.033800000000000274,-0.5392,70476.26,52201.5056
1173,000006.SZ,20160509,6.5731,6.59,6.2013,6.2689,6.5731,-0.3041999999999998,-4.628,158664.92,119013.9763
1174,000006.SZ,20160506,6.8519,6.8603,6.5308,6.5731,6.8266,-0.25349999999999984,-3.7134,200649.0,158792.8418
1175,000006.SZ,20160505,6.835,6.8519,6.7843,6.8266,6.835,-0.008399999999999963,-0.1229,98963.14,79884.3565
1176,000006.SZ,20160504,6.8266,6.8772,6.759,6.835,6.8266,0.008399999999999963,0.123,132316.03,107026.744
1177,000006.SZ,20160503,6.7167,6.835,6.6745,6.8266,6.6998,0.12680000000000025,1.8926,133018.24,106905.6068
1178,000006.SZ,20160429,6.759,6.7928,6.6745,6.6998,6.7674,-0.06760000000000055,-0.9989,86513.67,68930.7586
1179,000006.SZ,20160428,6.8181,6.8688,6.6745,6.7674,6.8097,-0.042300000000000004,-0.6212,137873.5,109991.0532
1180,000006.SZ,20160427,6.8603,6.8941,6.7928,6.8097,6.8603,-0.05059999999999931,-0.7376,110251.71,89339.3623
1181,000006.SZ,20160426,6.8181,6.8857,6.7759,6.8603,6.8181,0.04219999999999935,0.6189,103094.64,83352.3787
1182,000006.SZ,20160425,6.8603,6.8688,6.759,6.8181,6.9364,-0.11829999999999963,-1.7055,149856.48,120705.4678
1183,000006.SZ,20160422,6.9279,7.004,6.7759,6.9364,7.1307,-0.19430000000000014,-2.7248,269005.81,219259.3617
1184,000006.SZ,20160421,7.004,7.3504,6.9364,7.1307,7.1392,-0.00849999999999973,-0.1191,500106.51,425594.4815
1185,000006.SZ,20160420,7.2321,7.249,6.6745,7.1392,7.2574,-0.11819999999999986,-1.6287,431426.88,357671.4285
1186,000006.SZ,20160419,7.0631,7.3926,7.0378,7.2574,7.0209,0.2364999999999995,3.3685,419510.76,358741.5078
1187,000006.SZ,20160418,7.1392,7.1476,6.9364,7.0209,7.1898,-0.16889999999999983,-2.3492,184554.15,153061.0316
1188,000006.SZ,20160415,7.0885,7.2828,7.0631,7.1898,7.0885,0.10130000000000017,1.4291,303001.41,257485.5713
1189,000006.SZ,20160414,7.0885,7.1476,7.0209,7.0885,7.0124,0.07609999999999939,1.0852,195318.61,163847.9449
1190,000006.SZ,20160413,6.9617,7.1054,6.9364,7.0124,6.9364,0.07600000000000051,1.0957,266397.64,222296.2272
1191,000006.SZ,20160412,7.0124,7.0378,6.8688,6.9364,7.08,-0.14360000000000017,-2.0282,237270.87,194614.5526
1192,000006.SZ,20160411,7.0547,7.1645,7.0378,7.08,6.9955,0.08450000000000024,1.2079,175978.5,147991.9913
1193,000006.SZ,20160408,7.0547,7.08,6.8688,6.9955,7.1392,-0.14369999999999994,-2.0128,196122.11,162096.128
1194,000006.SZ,20160407,7.2405,7.3504,7.1307,7.1392,7.2574,-0.11819999999999986,-1.6287,321311.97,275575.0299
1195,000006.SZ,20160406,7.1307,7.2828,7.0716,7.2574,7.1307,0.1266999999999996,1.7768,317500.84,270574.2089
1196,000006.SZ,20160405,6.9617,7.1561,6.9533,7.1307,6.9617,0.1689999999999996,2.4276,205886.8,172429.0688
1197,000006.SZ,20160401,6.9786,7.0462,6.8435,6.9617,7.0124,-0.05069999999999997,-0.723,146360.58,120040.153
1198,000006.SZ,20160331,7.1138,7.1223,7.004,7.0124,7.0462,-0.033799999999999386,-0.4797,196802.31,164725.5999
1199,000006.SZ,20160330,6.911,7.0547,6.8941,7.0462,6.8519,0.19430000000000014,2.8357,195660.98,161480.3969
1200,000006.SZ,20160329,7.0124,7.0547,6.7674,6.8519,7.004,-0.1520999999999999,-2.1716,195352.73,159047.412
1201,000006.SZ,20160328,7.08,7.1898,6.9702,7.004,7.1561,-0.1521000000000008,-2.1255,237063.84,198994.2638
1202,000006.SZ,20160325,6.9955,7.2659,6.9786,7.1561,7.0716,0.08450000000000024,1.1949,232816.34,197017.6416
1203,000006.SZ,20160324,7.1814,7.3335,7.0209,7.0716,7.2236,-0.15200000000000014,-2.1042,362300.16,307393.6513
1204,000006.SZ,20160323,7.0885,7.2321,7.0716,7.2236,7.1223,0.10130000000000017,1.4223,265706.78,225321.1225
1205,000006.SZ,20160322,7.2405,7.2912,7.1054,7.1223,7.4011,-0.2787999999999995,-3.767,384223.44,327954.8965
1206,000006.SZ,20160321,7.1223,7.5447,7.0885,7.4011,7.0885,0.31259999999999977,4.41,621525.89,535506.7405
1207,000006.SZ,20160318,6.8857,7.1476,6.835,7.0885,6.8772,0.2112999999999996,3.0725,450152.12,374683.6943
1208,000006.SZ,20160317,6.6153,6.8857,6.6153,6.8772,6.5984,0.2788000000000004,4.2253,318075.62,255106.2551
1209,000006.SZ,20160316,6.7674,6.8435,6.5393,6.5984,6.7843,-0.18590000000000018,-2.7402,251245.05,198411.3602
1210,000006.SZ,20160315,6.8603,6.9448,6.6407,6.7843,6.9279,-0.14360000000000017,-2.0728,276782.15,222931.0619
1211,000006.SZ,20160314,6.759,7.1138,6.759,6.9279,6.7336,0.19430000000000014,2.8855,362085.68,298951.622
1212,000006.SZ,20160311,6.6745,6.8603,6.5562,6.7336,6.9364,-0.20279999999999987,-2.9237,336308.58,267195.504
1213,000006.SZ,20160310,7.0378,7.3504,6.8857,6.9364,7.0124,-0.07600000000000051,-1.0838,487435.72,409443.63
1214,000006.SZ,20160309,7.0124,7.2152,6.8603,7.0124,7.2743,-0.2618999999999998,-3.6003,417756.66,348185.8255
1215,000006.SZ,20160308,7.4264,7.4264,6.8435,7.2743,7.5109,-0.23660000000000014,-3.1501,636417.46,537744.8776
1216,000006.SZ,20160307,7.5278,7.7982,7.2912,7.5109,7.4349,0.07600000000000051,1.0222,770010.5,688395.2376
1217,000006.SZ,20160304,7.9249,8.1868,7.2574,7.4349,7.9249,-0.4900000000000002,-6.183,1176609.46,1080007.7713
1218,000006.SZ,20160303,8.0094,8.2713,7.8657,7.9249,7.5193,0.40559999999999974,5.3941,1564264.42,1504927.1521
1219,000006.SZ,20160302,6.9955,7.5193,6.9871,7.5193,6.835,0.6843000000000004,10.0117,919193.7,796999.5962
1220,000006.SZ,20160301,6.3365,6.835,6.2689,6.835,6.2098,0.6251999999999995,10.068,551759.25,442588.1259
1221,000006.SZ,20160229,6.5731,6.7336,6.0408,6.2098,6.5393,-0.32949999999999946,-5.0388,223396.97,166235.2214
1222,000006.SZ,20160226,6.7336,6.835,6.252,6.5393,6.7252,-0.18590000000000018,-2.7642,244915.25,190521.6818
1223,000006.SZ,20160225,7.5193,7.5362,6.7252,6.7252,7.4687,-0.7435,-9.9549,336513.64,283051.6315
1224,000006.SZ,20160224,7.0631,7.4687,7.0631,7.4687,7.2405,0.22820000000000018,3.1517,256982.78,222704.9456
1225,000006.SZ,20160223,7.3842,7.4011,7.1223,7.2405,7.3926,-0.1520999999999999,-2.0575,246964.47,211648.8436
1226,000006.SZ,20160222,7.4771,7.5193,7.3166,7.3926,7.3081,0.08450000000000024,1.1563,271058.17,237622.961
1227,000006.SZ,20160219,7.3335,7.4856,7.1476,7.3081,7.4264,-0.11830000000000052,-1.593,314356.83,272497.1023
1228,000006.SZ,20160218,7.3419,7.7559,7.2659,7.4264,7.3926,0.033800000000000274,0.4572,491784.65,438384.8867
1229,000006.SZ,20160217,7.08,7.5024,7.0124,7.3926,7.1223,0.27029999999999976,3.7951,449611.73,386576.9507
1230,000006.SZ,20160216,6.7674,7.3335,6.6829,7.1223,6.7336,0.38870000000000005,5.7725,354856.46,297833.1684
1231,000006.SZ,20160215,6.2858,6.835,6.1507,6.7336,6.59,0.14360000000000017,2.1791,248666.86,193768.642
1232,000006.SZ,20160205,6.911,6.9533,6.59,6.59,6.8857,-0.2957000000000001,-4.2944,229676.86,183922.0188
1233,000006.SZ,20160204,6.5646,7.1138,6.5055,6.8857,6.5393,0.34640000000000004,5.2972,331890.07,267003.0138
1234,000006.SZ,20160203,6.345,6.7167,6.3027,6.5393,6.3027,0.23660000000000014,3.7539,241788.85,187353.1452
1235,000006.SZ,20160202,6.0155,6.3957,6.0155,6.3027,6.0239,0.2787999999999995,4.6282,169774.53,125914.3089
1236,000006.SZ,20160201,6.2605,6.3703,5.931,6.0239,6.2943,-0.27039999999999953,-4.296,161763.85,117302.625
1237,000006.SZ,20160129,5.8465,6.421,5.7705,6.2943,5.8381,0.45619999999999994,7.8142,272540.51,199107.908
1238,000006.SZ,20160128,5.855,6.2013,5.7536,5.8381,5.8887,-0.0506000000000002,-0.8593,258795.74,184044.0236
1239,000006.SZ,20160127,6.2858,6.3365,5.6522,5.8887,6.2774,-0.38870000000000005,-6.1921,301589.77,209841.3554
1240,000006.SZ,20160126,6.8941,6.9026,6.2774,6.2774,6.9702,-0.6928000000000001,-9.9395,237496.82,183874.1619
1241,000006.SZ,20160125,7.0209,7.0378,6.8941,6.9702,6.9702,0.0,0.0,106506.68,87975.3149
1242,000006.SZ,20160122,6.9786,7.0547,6.759,6.9702,6.9702,0.0,0.0,125473.3,102988.7883
1243,000006.SZ,20160121,7.0716,7.249,6.7843,6.9702,7.2152,-0.2450000000000001,-3.3956,180146.85,150148.396
1244,000006.SZ,20160120,7.2828,7.4433,7.1645,7.2152,7.3504,-0.13519999999999932,-1.8394,145466.64,125782.1072
1245,000006.SZ,20160119,7.1307,7.3757,7.0378,7.3504,7.1307,0.21969999999999956,3.081,196826.57,169010.8779
1246,000006.SZ,20160118,6.8519,7.2405,6.8435,7.1307,7.0885,0.04220000000000024,0.5953,173413.48,145010.4793
1247,000006.SZ,20160115,7.1223,7.3081,6.835,7.0885,7.2659,-0.17740000000000045,-2.4415,192096.18,160852.98
1248,000006.SZ,20160114,6.9279,7.3419,6.7759,7.2659,7.1392,0.12670000000000048,1.7747,167084.73,140893.1999
1249,000006.SZ,20160113,7.2067,7.3081,6.911,7.1392,7.1898,-0.0506000000000002,-0.7038,142983.21,120701.2974
1250,000006.SZ,20160112,7.2152,7.2574,6.9955,7.1898,7.1307,0.05909999999999993,0.8288,172506.02,146142.6374
1251,000006.SZ,20160111,7.8573,7.8742,7.1138,7.1307,7.908,-0.7773000000000003,-9.8293,276226.6,243967.9887
1252,000006.SZ,20160108,8.0432,8.1699,7.5193,7.908,7.8319,0.07610000000000028,0.9717,248701.29,233157.5074
1253,000006.SZ,20160107,8.5585,8.5585,7.8319,7.8319,8.7022,-0.8702999999999994,-10.0009,49413.0,47167.38
1254,000006.SZ,20160106,8.4994,8.7022,8.4572,8.7022,8.4825,0.21969999999999956,2.59,170915.64,173812.9603
1255,000006.SZ,20160105,8.153,8.7951,8.1108,8.4825,8.7698,-0.2873000000000001,-3.276,311662.79,311115.9629
1256,000006.SZ,20160104,9.6822,9.7329,8.7529,8.7698,9.7245,-0.9547000000000008,-9.8175,232852.71,254639.7548
1257,000006.SZ,20151231,9.961,9.9864,9.6822,9.7245,9.9357,-0.21119999999999983,-2.1257,165938.48,193166.2293
1258,000006.SZ,20151230,9.9695,10.0371,9.8005,9.9357,9.9188,0.01690000000000147,0.1704,164010.28,192592.2239
1259,000006.SZ,20151229,9.7329,9.9272,9.6315,9.9188,9.7245,0.19429999999999836,1.998,187815.49,217134.8809
1260,000006.SZ,20151228,10.1891,10.2652,9.6991,9.7245,10.1891,-0.464599999999999,-4.5598,380162.3,448414.3285
1261,000006.SZ,20151225,10.1131,10.2652,10.0202,10.1891,10.1215,0.06760000000000055,0.6679,253614.66,304608.9766
1262,000006.SZ,20151224,10.4257,10.5355,9.9526,10.1215,10.4088,-0.2873000000000001,-2.7602,417277.93,500981.0448
1263,000006.SZ,20151223,10.3919,10.789,10.2652,10.4088,10.4088,0.0,0.0,755451.64,942204.6095
1264,000006.SZ,20151222,10.2905,10.5186,10.1046,10.4088,10.1638,0.24499999999999922,2.4105,649667.6,794441.7717
1265,000006.SZ,20151221,9.885,10.3243,9.716,10.1638,9.9103,0.2535000000000007,2.5579,545073.71,651617.5308
1266,000006.SZ,20151218,9.792,10.2821,9.7836,9.9103,9.6991,0.21119999999999983,2.1775,616449.11,728592.2668
1267,000006.SZ,20151217,9.471,9.8005,9.4625,9.6991,9.4203,0.2788000000000004,2.9596,448188.7,513435.5275
1268,000006.SZ,20151216,9.5132,9.5977,9.3781,9.4203,9.5132,-0.0929000000000002,-0.9765,156969.84,175550.5829
1269,000006.SZ,20151215,9.5301,9.6146,9.471,9.5132,9.4372,0.07599999999999874,0.8053,198358.44,224187.1915
1270,000006.SZ,20151214,9.0824,9.4457,8.9556,9.4372,9.1753,0.2619000000000007,2.8544,199979.92,219004.585
1271,000006.SZ,20151211,9.3865,9.4457,9.1584,9.1753,9.3612,-0.18590000000000018,-1.9859,187235.23,205518.9359
1272,000006.SZ,20151210,9.4541,9.6146,9.3189,9.3612,9.3443,0.016899999999999693,0.1809,195755.62,218989.2155
1273,000006.SZ,20151209,9.4034,9.4963,9.2767,9.3443,9.4034,-0.05909999999999904,-0.6285,201164.55,223383.1158
1274,000006.SZ,20151208,9.8258,9.885,9.3189,9.4034,9.9695,-0.5661000000000005,-5.6783,434876.41,490324.4692
1275,000006.SZ,20151207,9.9357,10.13,9.7329,9.9695,9.9188,0.050700000000000855,0.5112,396632.54,467102.8666
1276,000006.SZ,20151204,9.7752,10.0371,9.6315,9.9188,9.8343,0.08449999999999847,0.8592,413144.87,483254.9926
1277,000006.SZ,20151203,9.6484,9.9695,9.5893,9.8343,9.6569,0.17740000000000045,1.837,342213.67,396607.6863
1278,000006.SZ,20151202,9.6484,9.7836,9.2936,9.6569,9.7498,-0.0929000000000002,-0.9528,410829.08,465775.3368
1279,000006.SZ,20151201,9.3696,10.0202,9.1837,9.7498,9.3781,0.3717000000000006,3.9635,476194.18,546069.6277
1280,000006.SZ,20151130,9.64,9.6822,8.8627,9.3781,9.5555,-0.17740000000000045,-1.8565,412791.26,455231.7589
1281,000006.SZ,20151127,10.375,10.5862,9.3781,9.5555,10.3919,-0.8363999999999994,-8.0486,672104.7,809225.5405
1282,000006.SZ,20151126,10.1469,10.3919,10.054,10.3919,10.0962,0.2957000000000001,2.9288,754505.15,916983.356
1283,000006.SZ,20151125,9.9864,10.2652,9.9188,10.0962,10.0371,0.05909999999999904,0.5888,381795.38,456278.114
1284,000006.SZ,20151124,9.9779,10.13,9.8089,10.0371,10.1046,-0.067499999999999,-0.668,269045.31,317596.0412
1285,000006.SZ,20151123,10.0962,10.4173,9.9441,10.1046,10.0371,0.067499999999999,0.6725,502700.46,605151.5302
1286,000006.SZ,20151120,10.1131,10.299,9.9272,10.0371,10.0709,-0.033799999999999386,-0.3356,536867.57,640858.0282
1287,000006.SZ,20151119,10.0117,10.0709,9.7836,10.0709,10.0117,0.059200000000000585,0.5913,363680.45,427842.3929
1288,000006.SZ,20151118,9.9779,10.5355,9.8005,10.0117,9.9526,0.05909999999999904,0.5938,706022.98,850482.2726
1289,000006.SZ,20151117,10.2736,10.3412,9.885,9.9526,10.1384,-0.1858000000000004,-1.8326,509081.96,610242.6715
1290,000006.SZ,20151116,9.7245,10.1384,9.6822,10.1384,10.0117,0.12670000000000137,1.2655,261564.67,309225.3452
1291,000006.SZ,20151113,10.3497,10.3497,9.8934,10.0117,10.2229,-0.21119999999999983,-2.0659,391063.97,467420.4781
1292,000006.SZ,20151112,10.6285,10.6285,10.1215,10.2229,10.5524,-0.32950000000000124,-3.1225,710203.91,865281.4226
1293,000006.SZ,20151111,10.1807,10.8481,10.1807,10.5524,10.2905,0.2619000000000007,2.5451,793305.07,990403.5199
1294,000006.SZ,20151110,10.3243,10.6031,10.0371,10.2905,10.3243,-0.033799999999999386,-0.3274,714954.1,874981.7959
1295,000006.SZ,20151109,10.1215,10.5186,9.9779,10.3243,10.2567,0.06759999999999877,0.6591,734553.92,896327.9746
1296,000006.SZ,20151106,10.0371,10.6116,9.9526,10.2567,10.1046,0.1521000000000008,1.5053,786796.64,964964.5859
1297,000006.SZ,20151105,9.885,10.3074,9.6062,10.1046,9.8005,0.30410000000000004,3.1029,900438.1,1053538.1968
1298,000006.SZ,20151104,9.1922,9.8005,9.1837,9.8005,9.1668,0.6336999999999993,6.913,485739.85,548319.6128
1299,000006.SZ,20151103,9.3612,9.547,9.0993,9.1668,9.3696,-0.20279999999999987,-2.1644,398387.55,439309.1754
1300,000006.SZ,20151102,9.4625,9.9103,9.2936,9.3696,9.9357,-0.5661000000000005,-5.6976,546791.94,617305.404
1301,000006.SZ,20151030,9.9695,10.3919,9.8258,9.9357,9.8343,0.10139999999999993,1.0311,1229602.05,1469886.2881
1302,000006.SZ,20151029,9.0401,9.8343,9.0232,9.8343,8.9387,0.8956,10.0194,941876.18,1082511.3921
1303,000006.SZ,20151028,9.1753,9.4457,8.8542,8.9387,9.1246,-0.1858999999999984,-2.0373,406842.88,442936.358
1304,000006.SZ,20151027,9.2091,9.2344,8.6853,9.1246,9.226,-0.10140000000000171,-1.0991,337309.81,357651.3546
1305,000006.SZ,20151026,9.547,9.5808,9.0401,9.226,9.3443,-0.11829999999999963,-1.266,580138.43,639345.4801
1306,000006.SZ,20151023,8.981,9.5977,8.8965,9.3443,8.9387,0.40559999999999974,4.5376,631978.31,697293.7445
1307,000006.SZ,20151022,8.5501,8.9979,8.5501,8.9387,8.5839,0.3548000000000009,4.1333,300574.11,312930.0585
1308,000006.SZ,20151021,9.4794,9.7583,8.5247,8.5839,9.471,-0.8871000000000002,-9.3665,447754.5,487128.3816
1309,000006.SZ,20151020,9.4034,9.5724,9.2767,9.471,9.5048,-0.033799999999999386,-0.3556,302247.71,336348.4425
1310,000006.SZ,20151019,9.4203,9.8934,9.2682,9.5048,9.4203,0.08450000000000024,0.897,520538.59,589916.4075
1311,000006.SZ,20151016,8.9894,9.5217,8.9472,9.4203,8.9725,0.4477999999999991,4.9908,589410.33,644338.8393
1312,000006.SZ,20151015,8.6008,9.0063,8.4994,8.9725,8.6092,0.3633000000000006,4.2199,327608.23,342650.1597
1313,000006.SZ,20151014,8.8711,9.0317,8.5839,8.6092,8.9556,-0.34640000000000093,-3.868,270605.57,280340.2604
1314,000006.SZ,20151013,8.736,9.1246,8.7275,8.9556,8.9218,0.03380000000000116,0.3788,345908.9,365193.8367
1315,000006.SZ,20151012,8.3811,9.0232,8.3727,8.9218,8.3558,0.565999999999999,6.7737,396096.1,410973.3215
1316,000006.SZ,20151009,8.2882,8.4403,8.2459,8.3558,8.2797,0.07610000000000028,0.9191,182950.85,180706.2345
1317,000006.SZ,20151008,8.2713,8.474,8.2121,8.2797,7.9418,0.3379000000000003,4.2547,205479.84,202689.6134
1318,000006.SZ,20150930,7.9418,8.0178,7.7728,7.9418,7.8826,0.0591999999999997,0.751,116903.14,109592.2481
1319,000006.SZ,20150929,8.1023,8.153,7.7728,7.8826,8.2713,-0.38870000000000005,-4.6994,173077.08,163539.1286
1320,000006.SZ,20150928,8.153,8.322,8.0263,8.2713,8.1783,0.09299999999999997,1.1372,160055.57,155538.5183
1321,000006.SZ,20150925,8.6261,8.7275,8.0601,8.1783,8.6346,-0.4563000000000006,-5.2846,319851.05,318705.5938
1322,000006.SZ,20150924,8.8458,8.8542,8.474,8.6346,8.643,-0.008399999999999963,-0.0972,331199.18,339737.202
1323,000006.SZ,20150923,8.3135,8.7444,8.2544,8.643,8.5247,0.1183000000000014,1.3877,425286.15,431472.9894
1324,000006.SZ,20150922,8.736,8.8035,8.4487,8.5247,8.7191,-0.1943999999999999,-2.2296,350119.48,357128.3407
1325,000006.SZ,20150921,8.2797,8.8373,8.1783,8.7191,8.5332,0.1858999999999984,2.1785,406069.79,412412.3114
1326,000006.SZ,20150918,8.3051,8.6937,8.1614,8.5332,8.153,0.3802000000000003,4.6633,483593.16,483815.3054
1327,000006.SZ,20150917,8.0939,8.8627,7.9418,8.153,8.0601,0.0929000000000002,1.1526,612320.37,612202.3711
1328,000006.SZ,20150916,7.4856,8.0601,7.3166,8.0601,7.325,0.7351000000000001,10.0355,377506.2,343846.4614
1329,000006.SZ,20150915,7.8319,8.0094,7.325,7.325,8.1361,-0.8111000000000006,-9.9691,459555.47,416018.2816
1330,000006.SZ,20150914,9.2006,9.5555,8.1361,8.1361,9.0401,-0.9039999999999999,-9.9999,723085.72,773282.5936
1331,000006.SZ,20150911,8.6768,9.2091,8.5163,9.0401,8.6768,0.3633000000000006,4.187,376652.66,392458.3154
1332,000006.SZ,20150910,8.643,9.0739,8.5416,8.6768,8.8627,-0.18590000000000018,-2.0976,386058.83,404641.4621
1333,000006.SZ,20150909,8.4994,8.9556,8.4318,8.8627,8.4403,0.42239999999999966,5.0046,452053.03,467562.4303
1334,000006.SZ,20150908,8.0178,8.5078,7.6461,8.4403,7.9671,0.4732000000000003,5.9394,302919.56,291696.7317
1335,000006.SZ,20150907,8.1361,8.4909,7.6968,7.9671,7.9671,0.0,0.0,332627.66,322798.6782
1336,000006.SZ,20150902,7.4771,8.4656,7.3504,7.9671,8.0685,-0.10139999999999993,-1.2567,542540.38,504695.0896
1337,000006.SZ,20150901,8.9387,8.9387,8.0685,8.0685,8.9641,-0.8956,-9.991,626706.84,618354.7532
1338,000006.SZ,20150831,9.0486,9.5301,8.8796,8.9641,9.0401,-0.07600000000000051,-0.8407,707238.99,774605.6163
1339,000006.SZ,20150828,8.4572,9.0401,8.2797,9.0401,8.2206,0.8195000000000014,9.9689,673212.22,700714.1569
1340,000006.SZ,20150827,8.1952,8.398,7.2997,8.2206,7.9333,0.2872999999999992,3.6214,578804.62,545960.735
1341,000006.SZ,20150826,9.1162,9.1922,7.9333,7.9333,8.812,-0.8786999999999994,-9.9716,712475.68,722782.4888
1342,000006.SZ,20150825,8.812,9.0824,8.812,8.812,9.792,-0.9800000000000004,-10.0082,480733.76,502232.5302
1343,000006.SZ,20150824,9.9357,10.3835,9.792,9.792,10.8819,-1.0899,-10.0157,299346.22,350545.1754
1344,000006.SZ,20150821,11.4395,11.9042,10.7299,10.8819,11.6846,-0.8026999999999997,-6.8697,487710.79,653310.5074
1345,000006.SZ,20150820,11.9887,12.8251,11.5494,11.6846,12.2506,-0.5660000000000007,-4.6202,660660.07,952368.6585
1346,000006.SZ,20150819,11.4902,12.6731,10.8566,12.2506,12.0647,0.18590000000000018,1.5409,828381.11,1138586.1708
1347,000006.SZ,20150818,13.349,13.8559,12.0647,12.0647,13.4081,-1.343399999999999,-10.0193,868415.41,1316160.1093
1348,000006.SZ,20150817,13.1631,14.2699,12.6477,13.4081,13.594,-0.18590000000000018,-1.3675,1251832.58,1985227.0714
1349,000006.SZ,20150814,12.6731,14.1854,12.5041,13.594,12.9857,0.6082999999999998,4.6844,1677243.88,2611431.0226
1350,000006.SZ,20150813,12.1492,12.9857,11.8789,12.9857,11.8028,1.1829,10.0222,1705853.87,2556101.6869
1351,000006.SZ,20150812,10.5271,11.8028,10.4426,11.8028,10.7299,1.0728999999999989,9.9992,769004.25,1035650.1019
1352,000006.SZ,20150811,10.713,10.9157,10.3666,10.7299,10.7299,0.0,0.0,565621.06,714235.926
1353,000006.SZ,20150810,10.4341,10.9073,10.1469,10.7299,10.206,0.5239000000000011,5.1333,551937.51,690124.6325
1354,000006.SZ,20150807,9.9441,10.2314,9.8934,10.206,9.7667,0.43929999999999936,4.4979,299459.49,357202.7621
1355,000006.SZ,20150806,9.8427,10.1384,9.5893,9.7667,10.0962,-0.32949999999999946,-3.2636,310895.62,362080.8494
1356,000006.SZ,20150805,10.2567,10.7636,10.0202,10.0962,10.3835,-0.2873000000000001,-2.7669,404826.01,496210.3112
1357,000006.SZ,20150804,9.6907,10.4004,9.6315,10.3835,9.6569,0.7265999999999995,7.5242,427070.97,507129.3788
1358,000006.SZ,20150803,9.716,9.9103,9.1162,9.6569,9.9019,-0.24499999999999922,-2.4743,416710.42,469757.4685
1359,000006.SZ,20150731,9.4625,9.9695,9.4625,9.9019,9.5724,0.32949999999999946,3.4422,465864.6,540423.2087
1360,000006.SZ,20150730,9.7667,10.3074,9.5048,9.5724,9.885,-0.31259999999999977,-3.1624,481164.3,568891.5427
1361,000006.SZ,20150729,9.5893,9.9272,8.9556,9.885,9.3105,0.5745000000000005,6.1705,399156.13,444959.9202
1362,000006.SZ,20150728,8.9556,9.7414,8.7867,9.3105,9.6907,-0.3802000000000003,-3.9233,619413.85,676312.4639
1363,000006.SZ,20150727,10.3919,10.958,9.6907,9.6907,10.7636,-1.0729000000000006,-9.9679,651511.43,797425.1348
1364,000006.SZ,20150724,10.8143,11.3804,10.5271,10.7636,10.9242,-0.16060000000000052,-1.4701,744512.56,975437.2164
1365,000006.SZ,20150723,10.3919,11.1523,10.3159,10.9242,10.4595,0.46470000000000056,4.4429,775172.54,996640.7937
1366,000006.SZ,20150722,10.1807,10.6876,9.885,10.4595,10.2398,0.21969999999999956,2.1455,601218.1,726680.1705
1367,000006.SZ,20150721,10.1384,10.4426,9.8512,10.2398,10.2483,-0.00849999999999973,-0.0829,482167.75,579142.5816
1368,000006.SZ,20150720,10.3243,10.6285,9.9695,10.2483,10.2229,0.0254000000000012,0.2485,558892.07,682269.2056
1369,000006.SZ,20150717,9.716,10.3497,9.6653,10.2229,9.6653,0.557599999999999,5.7691,503997.0,603758.838
1370,000006.SZ,20150716,9.395,10.054,8.5839,9.6653,9.395,0.27030000000000065,2.8771,520824.06,586361.9954
1371,000006.SZ,20150715,10.0878,10.3074,9.395,9.395,10.4341,-1.0391000000000012,-9.9587,623422.43,718892.6288
1372,000006.SZ,20150714,10.6369,11.2537,10.13,10.4341,10.4088,0.025300000000001432,0.2431,1085950.63,1378053.1643
1373,000006.SZ,20150713,10.054,10.4088,9.7498,10.4088,9.4625,0.946299999999999,10.0005,818486.11,989719.6594
1374,000006.SZ,20150710,9.1246,9.4625,8.8796,9.4625,8.6008,0.8617000000000008,10.0188,409718.99,454561.7406
1375,000006.SZ,20150709,7.5616,8.6008,7.5447,8.6008,7.8151,0.7856999999999994,10.0536,621451.85,609013.0651
1376,000006.SZ,20150708,7.0885,8.4487,7.0885,7.8151,7.8742,-0.05909999999999993,-0.7506,1935987.22,1716055.3667
1377,000006.SZ,20150707,8.1952,8.5923,7.8742,7.8742,8.7444,-0.8702000000000005,-9.9515,659942.54,622456.9521
1378,000006.SZ,20150706,9.716,9.716,7.9502,8.7444,8.8289,-0.08450000000000024,-0.9571,1156500.7,1194142.5971
1379,000006.SZ,20150703,9.3189,10.13,8.8289,8.8289,9.8089,-0.9799999999999986,-9.9909,896661.39,969247.5175
1380,000006.SZ,20150702,11.0509,11.2283,9.8005,9.8089,10.8904,-1.0815000000000001,-9.9308,753201.56,932542.698
1381,000006.SZ,20150701,11.3382,12.0394,10.8059,10.8904,11.4649,-0.5745000000000005,-5.0109,810879.39,1112728.1385
1382,000006.SZ,20150630,10.2229,11.4818,9.547,11.4649,10.4341,1.0307999999999993,9.8791,996165.15,1254064.7915
1383,000006.SZ,20150629,11.8535,11.9972,10.2314,10.4341,11.372,-0.9378999999999991,-8.2474,907043.26,1187339.8218
1384,000006.SZ,20150626,12.031,12.0816,11.372,11.372,12.6308,-1.2588000000000008,-9.9661,494587.55,681570.8102
1385,000006.SZ,20150625,13.5179,13.67,12.352,12.6308,13.3405,-0.7096999999999998,-5.3199,558404.16,876176.2301
1386,000006.SZ,20150624,13.3574,13.6024,12.7153,13.3405,13.1631,0.17740000000000045,1.3477,574566.85,902654.1611
1387,000006.SZ,20150623,13.0532,13.3067,11.8282,13.1631,13.1377,0.025399999999999423,0.1933,563129.19,834531.1461
1388,000006.SZ,20150619,14.0248,14.498,13.1039,13.1377,14.5149,-1.3772000000000002,-9.4882,505094.68,816451.083
1389,000006.SZ,20150618,14.5233,15.2112,14.1373,14.5149,14.4897,0.025200000000001666,0.1739,560462.78,984455.3859
1390,000006.SZ,20150617,14.2128,14.5904,13.8185,14.4897,14.045,0.4446999999999992,3.1663,537683.86,916409.003
1391,000006.SZ,20150616,15.2532,15.2532,13.9359,14.045,15.3287,-1.2836999999999996,-8.3745,690119.95,1186716.5862
1392,000006.SZ,20150615,16.302,16.3439,15.2532,15.3287,16.2936,-0.9649000000000019,-5.922,680621.82,1277334.7963
1393,000006.SZ,20150612,15.7146,16.6459,15.7146,16.2936,15.6727,0.6209000000000007,3.9617,760081.74,1479158.2563
1394,000006.SZ,20150611,15.5301,15.8153,15.1022,15.6727,15.8405,-0.16779999999999973,-1.0593,667557.73,1223420.6255
1395,000006.SZ,20150610,15.9412,16.2768,15.5888,15.8405,16.3103,-0.4698000000000011,-2.8804,681885.02,1292071.6155
1396,000006.SZ,20150609,16.1929,16.4446,15.1693,16.3103,15.8405,0.4698000000000011,2.9658,882969.43,1684658.1558
1397,000006.SZ,20150608,14.5484,15.8405,14.5484,15.8405,14.3974,1.4431000000000012,10.0233,1008099.53,1837022.3482
1398,000006.SZ,20150605,13.9024,14.5484,13.6171,14.3974,13.6087,0.7886999999999986,5.7956,970852.34,1635912.3185
1399,000006.SZ,20150604,14.0954,14.1037,12.8201,13.6087,14.1541,-0.545399999999999,-3.8533,785005.2,1251228.466
1400,000006.SZ,20150603,14.7078,14.8421,13.8353,14.1541,14.7078,-0.553700000000001,-3.7647,843105.3,1428201.553
1401,000006.SZ,20150602,14.0954,14.7833,13.701,14.7078,14.0282,0.6796000000000006,4.8445,890832.21,1532594.9821
1402,000006.SZ,20150601,13.55,14.3303,13.5332,14.0282,13.0885,0.9397000000000002,7.1796,954330.36,1592800.4555
1403,000006.SZ,20150529,12.7529,13.3906,11.5532,13.0885,12.5516,0.5368999999999993,4.2775,1096632.58,1673337.3365
1404,000006.SZ,20150528,13.0046,13.8772,12.4593,12.5516,12.9795,-0.4278999999999993,-3.2967,1569377.49,2459506.5004
1405,000006.SZ,20150527,11.8049,12.9795,11.3686,12.9795,11.7965,1.1829999999999998,10.0284,1186027.7,1726752.5212
1406,000006.SZ,20150526,11.8552,12.3838,11.3854,11.7965,11.2595,0.5370000000000008,4.7693,1274130.29,1815979.5825
1407,000006.SZ,20150525,10.2359,11.2595,10.2359,11.2595,10.2359,1.0235999999999983,10.0001,841997.74,1105313.8255
1408,000006.SZ,20150522,9.7241,10.5212,9.7241,10.2359,9.6906,0.545300000000001,5.6271,983006.12,1191011.5229
1409,000006.SZ,20150521,9.2459,9.7157,9.1872,9.6906,9.2627,0.4278999999999993,4.6196,687838.62,784053.792
1410,000006.SZ,20150520,9.1704,9.4724,9.162,9.2627,9.1033,0.15939999999999976,1.751,607381.8,678278.0744
1411,000006.SZ,20150519,8.7676,9.1033,8.7257,9.1033,8.8096,0.2937000000000012,3.3339,434595.62,466246.4517
1412,000006.SZ,20150518,8.7676,9.0445,8.5243,8.8096,8.8096,0.0,0.0,363758.88,381139.3894
1413,000006.SZ,20150515,9.3214,9.3214,8.7257,8.8096,9.3214,-0.5118000000000009,-5.4906,528993.43,563481.9194
1414,000006.SZ,20150514,9.615,9.6989,9.2962,9.3214,9.615,-0.29359999999999964,-3.0536,517246.55,581371.3709
1415,000006.SZ,20150513,9.3214,9.6486,9.1788,9.615,9.313,0.3019999999999996,3.2428,622074.02,698280.3071
1416,000006.SZ,20150512,9.3969,9.506,9.2207,9.313,9.4053,-0.09229999999999983,-0.9814,501989.07,557473.0818
1417,000006.SZ,20150511,9.3969,9.5144,9.2291,9.4053,9.1704,0.23489999999999966,2.5615,605171.87,675734.2015
1418,000006.SZ,20150508,8.8096,9.1788,8.7173,9.1704,8.7509,0.4195000000000011,4.7938,336051.6,357389.032
1419,000006.SZ,20150507,8.7844,9.1704,8.3649,8.7509,8.776,-0.025100000000000122,-0.286,383555.42,398000.8807
1420,000006.SZ,20150506,9.0194,9.3214,8.6334,8.776,9.0529,-0.2768999999999995,-3.0587,360854.45,388546.7755
1421,000006.SZ,20150505,9.5899,9.5899,8.969,9.0529,9.5731,-0.5202000000000009,-5.434,435715.44,478968.0982
1422,000006.SZ,20150504,9.8668,9.9423,9.464,9.5731,9.7996,-0.2264999999999997,-2.3113,449492.0,515322.9312
1423,000006.SZ,20150430,9.5899,10.0346,9.464,9.7996,9.4221,0.3774999999999995,4.0065,612655.72,712647.3047
1424,000006.SZ,20150429,9.011,9.4724,8.9774,9.4221,9.0949,0.3271999999999995,3.5976,482173.61,535816.6871
1425,000006.SZ,20150428,9.5563,9.5563,8.9774,9.0949,9.5563,-0.46139999999999937,-4.8282,566186.82,623297.7889
1426,000006.SZ,20150427,9.5815,9.8668,9.3969,9.5563,9.5479,0.008399999999999963,0.088,567441.48,648684.2822
1427,000006.SZ,20150424,9.8332,9.8332,9.2291,9.5479,9.8416,-0.2936999999999994,-2.9843,704047.1,799644.6927
1428,000006.SZ,20150423,9.9423,10.2946,9.6989,9.8416,9.9003,-0.058699999999999974,-0.5929,633397.41,748848.4099
1429,000006.SZ,20150422,9.6906,10.2191,9.6822,9.9003,9.657,0.24329999999999963,2.5194,756866.99,898077.1941
1430,000006.SZ,20150421,9.0613,9.6906,9.0613,9.657,9.0194,0.6376000000000008,7.0692,970726.78,1098981.9326
1431,000006.SZ,20150420,8.8935,9.464,8.6418,9.0194,8.8348,0.18459999999999965,2.0895,1129733.31,1227858.6586
1432,000006.SZ,20150417,8.9019,9.0781,8.6837,8.8348,8.7676,0.0671999999999997,0.7665,656208.46,691107.0548
1433,000006.SZ,20150416,8.4404,8.8432,8.3062,8.7676,8.4488,0.31879999999999953,3.7733,582260.9,601503.0109
1434,000006.SZ,20150415,8.8096,8.8515,8.3481,8.4488,8.8515,-0.4026999999999994,-4.5495,602400.51,615980.6037
1435,000006.SZ,20150414,9.1872,9.1872,8.7257,8.8515,9.2123,-0.3608000000000011,-3.9165,781130.54,831155.9424
1436,000006.SZ,20150413,9.313,9.5311,9.0194,9.2123,9.313,-0.10069999999999979,-1.0813,843360.73,931299.781
1437,000006.SZ,20150410,9.1368,9.7996,8.8096,9.313,9.1284,0.18460000000000143,2.0223,1005934.09,1126525.8084
1438,000006.SZ,20150409,8.4069,9.2123,8.2642,9.1284,8.3817,0.7466999999999988,8.9087,1043668.8,1082448.0594
1439,000006.SZ,20150408,8.1971,8.5747,8.0377,8.3817,8.1887,0.19299999999999962,2.3569,994160.61,986341.463
1440,000006.SZ,20150407,7.6182,8.3314,7.5343,8.1887,7.5763,0.6124000000000009,8.0831,1425291.49,1341101.6479
1441,000006.SZ,20150403,7.3078,7.6014,7.249,7.5763,7.3749,0.20139999999999958,2.7309,804422.05,711528.2198
1442,000006.SZ,20150402,7.4756,7.5091,7.2574,7.3749,7.4672,-0.09229999999999983,-1.2361,754923.27,661365.8055
1443,000006.SZ,20150401,7.593,7.6182,7.3833,7.4672,7.3833,0.08389999999999986,1.1363,738735.51,658695.8018
1444,000006.SZ,20150331,7.7524,7.828,7.3665,7.3833,7.5846,-0.2012999999999998,-2.6541,1205698.61,1089097.0744
1445,000006.SZ,20150330,7.4588,7.9202,7.3162,7.5846,7.5007,0.08389999999999986,1.1186,1788631.33,1620344.8959
1446,000006.SZ,20150327,7.0561,7.5007,6.9302,7.5007,6.8211,0.6795999999999998,9.9632,1120683.6,966634.1618
1447,000006.SZ,20150326,6.6701,6.9806,6.5443,6.8211,6.5443,0.2768000000000006,4.2296,689242.73,558778.9952
1448,000006.SZ,20150325,6.4352,6.6282,6.3513,6.5443,6.4184,0.12589999999999968,1.9615,521728.92,405209.3318
1449,000006.SZ,20150324,6.5443,6.6282,6.2087,6.4184,6.5527,-0.13429999999999964,-2.0495,622595.1,478608.9257
1450,000006.SZ,20150323,6.2422,6.6533,6.2422,6.5527,6.2422,0.31049999999999933,4.9742,715351.58,553007.1308
1451,000006.SZ,20150320,6.0325,6.3094,6.0073,6.2422,6.0325,0.20970000000000066,3.4762,646471.64,475580.0601
1452,000006.SZ,20150319,6.0828,6.0912,5.957,6.0325,6.0828,-0.05030000000000001,-0.8269,431174.07,309202.077
1453,000006.SZ,20150318,6.0409,6.0912,5.9905,6.0828,6.0073,0.0754999999999999,1.2568,435242.01,313499.5336
1454,000006.SZ,20150317,5.9737,6.108,5.9737,6.0073,5.957,0.05030000000000001,0.8444,544682.16,391705.3738
1455,000006.SZ,20150316,5.8815,5.9821,5.8311,5.957,5.8479,0.10909999999999975,1.8656,396693.27,280137.2923
1456,000006.SZ,20150313,5.8227,5.9318,5.8143,5.8479,5.8227,0.02519999999999989,0.4328,263117.57,183660.3135
1457,000006.SZ,20150312,5.8563,5.957,5.8059,5.8227,5.8059,0.016799999999999926,0.2894,435061.14,304075.2883
1458,000006.SZ,20150311,5.7304,5.8143,5.6549,5.8059,5.6969,0.10899999999999999,1.9133,309020.0,211607.0852
1459,000006.SZ,20150310,5.722,5.8395,5.6801,5.6969,5.7304,-0.033500000000000085,-0.5846,265279.09,182094.2276
1460,000006.SZ,20150309,5.6633,5.8311,5.5459,5.7304,5.6717,0.058699999999999974,1.035,339930.34,230611.7059
1461,000006.SZ,20150306,5.5542,5.764,5.5459,5.6717,5.5878,0.08390000000000075,1.5015,491954.34,332912.0616
1462,000006.SZ,20150305,5.5123,5.5962,5.4536,5.5878,5.5459,0.04190000000000005,0.7555,268567.22,177054.4856
1463,000006.SZ,20150304,5.4368,5.5542,5.4116,5.5459,5.4536,0.09229999999999983,1.6925,246178.72,161321.5531
1464,000006.SZ,20150303,5.5626,5.5626,5.4284,5.4536,5.5794,-0.1257999999999999,-2.2547,293632.83,191766.7225
1465,000006.SZ,20150302,5.5878,5.613,5.5375,5.5794,5.5123,0.06709999999999994,1.2173,245153.05,162816.9035
1466,000006.SZ,20150227,5.6465,5.6885,5.4955,5.5123,5.5375,-0.02519999999999989,-0.4551,253432.39,168278.1738
1467,000006.SZ,20150226,5.4284,5.5375,5.42,5.5375,5.4368,0.10069999999999979,1.8522,175305.26,114583.9604
1468,000006.SZ,20150225,5.4452,5.4871,5.3864,5.4368,5.4536,-0.016799999999999926,-0.3081,116698.39,75520.0963
1469,000006.SZ,20150217,5.4032,5.4703,5.4032,5.4536,5.3948,0.05879999999999974,1.0899,144409.06,93741.338
1470,000006.SZ,20150216,5.3948,5.4116,5.3529,5.3948,5.3781,0.01670000000000016,0.3105,138304.57,88848.4167
1471,000006.SZ,20150213,5.3025,5.4536,5.2774,5.3781,5.2858,0.09229999999999983,1.7462,185442.2,118625.2046
1472,000006.SZ,20150212,5.2858,5.3109,5.2438,5.2858,5.2858,0.0,0.0,88476.15,55680.5576
1473,000006.SZ,20150211,5.2438,5.3109,5.1767,5.2858,5.227,0.05879999999999974,1.1249,110048.33,68873.3846
1474,000006.SZ,20150210,5.1683,5.2354,5.1431,5.227,5.1599,0.06709999999999994,1.3004,90466.72,56078.5852
1475,000006.SZ,20150209,5.1935,5.2438,5.1431,5.1599,5.227,-0.06709999999999994,-1.2837,95622.38,59079.078
1476,000006.SZ,20150206,5.2858,5.3529,5.1683,5.227,5.2858,-0.05879999999999974,-1.1124,128474.41,80942.1906
1477,000006.SZ,20150205,5.4536,5.5207,5.2858,5.2858,5.3109,-0.025100000000000122,-0.4726,200931.72,129004.4443
1478,000006.SZ,20150204,5.4116,5.4452,5.3109,5.3109,5.3864,-0.0754999999999999,-1.4017,136477.66,87352.3803
1479,000006.SZ,20150203,5.3864,5.4116,5.2858,5.3864,5.3781,0.008300000000000196,0.1543,178811.91,113972.3986
1480,000006.SZ,20150202,5.3697,5.4032,5.2858,5.3781,5.4536,-0.0754999999999999,-1.3844,174805.49,111788.8235
1481,000006.SZ,20150130,5.4284,5.5542,5.3613,5.4536,5.4368,0.016799999999999926,0.309,249369.55,161949.963
1482,000006.SZ,20150129,5.4284,5.5123,5.3948,5.4368,5.4955,-0.058699999999999974,-1.0681,168898.04,109893.5002
1483,000006.SZ,20150128,5.5626,5.5962,5.4536,5.4955,5.5962,-0.10069999999999979,-1.7994,238761.79,157497.5955
1484,000006.SZ,20150127,5.613,5.7724,5.5207,5.5962,5.571,0.02519999999999989,0.4523,589445.71,396522.8392
1485,000006.SZ,20150126,5.3277,5.6801,5.2606,5.571,5.3277,0.24329999999999963,4.5667,449196.58,294030.0895
1486,000006.SZ,20150123,5.3025,5.3864,5.2522,5.3277,5.2858,0.04190000000000005,0.7927,232951.37,147649.9457
1487,000006.SZ,20150122,5.2438,5.3109,5.1935,5.2858,5.2438,0.041999999999999815,0.8009,219273.98,137707.5306
1488,000006.SZ,20150121,5.0844,5.2606,5.0844,5.2438,5.0844,0.15940000000000065,3.1351,306222.08,189194.864
1489,000006.SZ,20150120,4.9669,5.1012,4.9502,5.0844,4.925,0.15939999999999976,3.2365,254088.51,152582.9028
1490,000006.SZ,20150119,5.2354,5.2858,4.9082,4.925,5.4536,-0.5286,-9.6927,529699.31,319152.6342
1491,000006.SZ,20150116,5.4787,5.5207,5.42,5.4536,5.4787,-0.025100000000000122,-0.4581,197897.63,128929.5312
1492,000006.SZ,20150115,5.3361,5.4955,5.3277,5.4787,5.3529,0.1257999999999999,2.3501,146980.78,95057.4632
1493,000006.SZ,20150114,5.4032,5.4452,5.3361,5.3529,5.4032,-0.05030000000000001,-0.9309,130553.15,83836.5887
1494,000006.SZ,20150113,5.4116,5.4368,5.3109,5.4032,5.4032,0.0,0.0,172969.55,111013.5143
1495,000006.SZ,20150112,5.571,5.571,5.2858,5.4032,5.6214,-0.2182000000000004,-3.8816,309540.15,199920.282
1496,000006.SZ,20150109,5.6298,5.764,5.6214,5.6214,5.6885,-0.06709999999999994,-1.1796,346099.49,234926.5389
1497,000006.SZ,20150108,5.7892,5.8731,5.613,5.6885,5.7556,-0.06709999999999994,-1.1658,311367.1,213646.4356
1498,000006.SZ,20150107,5.7053,5.8311,5.6633,5.7556,5.7472,0.008399999999999963,0.1462,310645.5,213314.295
1499,000006.SZ,20150106,5.8731,5.8731,5.6633,5.7472,5.9402,-0.19299999999999962,-3.249,566271.01,388157.2818
1500,000006.SZ,20150105,5.957,6.2003,5.8898,5.9402,5.915,0.02519999999999989,0.426,1078647.12,775346.4438
1501,000006.SZ,20141231,5.5962,5.9402,5.5123,5.915,5.6465,0.2685000000000004,4.7552,797843.6,545480.2099
1502,000006.SZ,20141230,5.6046,5.7053,5.4955,5.6465,5.571,0.0754999999999999,1.3552,439969.44,294747.6439
1503,000006.SZ,20141229,5.4787,5.7472,5.4032,5.571,5.4787,0.09229999999999983,1.6847,589130.29,392932.8013
1504,000006.SZ,20141226,5.4032,5.4787,5.3109,5.4787,5.3864,0.09229999999999983,1.7136,386938.7,249281.5571
1505,000006.SZ,20141225,5.3361,5.4032,5.3193,5.3864,5.3445,0.04190000000000005,0.784,198199.52,126788.0566
1506,000006.SZ,20141224,5.3193,5.3781,5.2606,5.3445,5.2606,0.08389999999999986,1.5949,198102.16,125458.0286
1507,000006.SZ,20141223,5.2941,5.4536,5.2522,5.2606,5.2941,-0.033500000000000085,-0.6328,264232.13,168363.893
1508,000006.SZ,20141222,5.4452,5.5878,5.2354,5.2941,5.4955,-0.20139999999999958,-3.6648,441952.32,284315.101
1509,000006.SZ,20141219,5.6717,5.6885,5.3445,5.4955,5.6633,-0.16779999999999973,-2.9629,452516.53,296896.836
1510,000006.SZ,20141218,5.8227,5.8563,5.6381,5.6633,5.8311,-0.16780000000000062,-2.8777,541469.01,369595.6596
1511,000006.SZ,20141217,5.722,5.8731,5.6801,5.8311,5.7472,0.08389999999999986,1.4598,865836.43,599555.3239
1512,000006.SZ,20141216,5.6885,5.7556,5.6046,5.7472,5.7137,0.033500000000000085,0.5863,478105.91,323411.5412
1513,000006.SZ,20141215,5.7892,5.8479,5.6381,5.7137,5.6801,0.03359999999999985,0.5915,703305.18,478021.0298
1514,000006.SZ,20141212,5.8479,5.8731,5.6298,5.6801,5.8647,-0.18459999999999965,-3.1476,676387.02,461147.8794
1515,000006.SZ,20141211,5.5962,5.9318,5.4703,5.8647,5.6298,0.23489999999999966,4.1724,775109.93,535592.4201
1516,000006.SZ,20141210,5.5207,5.6549,5.3697,5.6298,5.5375,0.09230000000000071,1.6668,548260.05,359865.9503
1517,000006.SZ,20141209,5.6381,5.9234,5.5039,5.5375,5.7304,-0.19290000000000074,-3.3663,953564.96,650001.0107
1518,000006.SZ,20141208,5.7472,5.9318,5.5878,5.7304,5.7892,-0.05879999999999974,-1.0157,1270081.32,871442.1635
1519,000006.SZ,20141205,5.9905,6.1164,5.6046,5.7892,5.9905,-0.2012999999999998,-3.3603,672163.44,468723.5548
1520,000006.SZ,20141204,5.8479,5.9989,5.7472,5.9905,5.8479,0.14259999999999984,2.4385,570368.0,402456.966
1521,000006.SZ,20141203,5.7892,6.0996,5.6717,5.8479,5.7724,0.0754999999999999,1.3079,825001.95,582704.1957
1522,000006.SZ,20141202,5.6046,5.8395,5.5291,5.7724,5.6214,0.1509999999999998,2.6862,467750.57,316100.0407
1523,000006.SZ,20141201,5.8311,5.9486,5.6046,5.6214,5.8227,-0.2012999999999998,-3.4572,619544.52,422469.1138
1524,000006.SZ,20141128,5.5123,5.8647,5.462,5.8227,5.4871,0.33560000000000034,6.1162,804613.69,544422.0325
1525,000006.SZ,20141127,5.4368,5.5542,5.3529,5.4871,5.42,0.06709999999999994,1.238,482283.54,314445.4566
1526,000006.SZ,20141126,5.4284,5.462,5.3277,5.42,5.4032,0.016799999999999926,0.3109,354908.72,228125.4818
1527,000006.SZ,20141125,5.227,5.5207,5.2019,5.4032,5.269,0.13419999999999987,2.547,718908.8,463152.3644
1528,000006.SZ,20141124,5.2522,5.3445,5.1515,5.269,5.0928,0.1761999999999997,3.4598,1020786.97,636527.693
1529,000006.SZ,20141121,5.1683,5.2186,5.0508,5.0928,5.1683,-0.0754999999999999,-1.4608,411412.48,250504.0371
1530,000006.SZ,20141120,5.1851,5.1935,5.1431,5.1683,5.2019,-0.03359999999999985,-0.6459,105625.03,64991.2345
1531,000006.SZ,20141119,5.269,5.269,5.1347,5.2019,5.2354,-0.033500000000000085,-0.6399,152889.7,94534.4413
1532,000006.SZ,20141118,5.2102,5.3529,5.1851,5.2354,5.2438,-0.008399999999999963,-0.1602,184567.42,115682.3643
1533,000006.SZ,20141117,5.2354,5.3025,5.2102,5.2438,5.2354,0.008399999999999963,0.1604,171340.41,107301.5248
1534,000006.SZ,20141114,5.3445,5.3445,5.1767,5.2354,5.3445,-0.10909999999999975,-2.0414,274237.33,171019.8931
1535,000006.SZ,20141113,5.2019,5.4871,5.2019,5.3445,5.1599,0.18459999999999965,3.5776,527029.83,336473.5893
1536,000006.SZ,20141112,5.0928,5.1935,5.0928,5.1599,5.0928,0.06709999999999994,1.3175,154336.98,94622.6004
1537,000006.SZ,20141111,5.2774,5.3193,5.0508,5.0928,5.2354,-0.14259999999999984,-2.7238,286821.11,176243.6769
1538,000006.SZ,20141110,5.1767,5.2522,5.1431,5.2354,5.1431,0.09230000000000071,1.7946,180395.78,112019.9489
1539,000006.SZ,20141107,5.3109,5.3445,5.1263,5.1431,5.2438,-0.10070000000000068,-1.9204,253106.86,157329.8866
1540,000006.SZ,20141106,5.2522,5.3864,5.1767,5.2438,5.2438,0.0,0.0,273138.32,171829.9773
1541,000006.SZ,20141105,5.0928,5.5291,5.0928,5.2438,5.1431,0.10070000000000068,1.958,512542.4,324819.3246
1542,000006.SZ,20141104,5.1767,5.2438,5.118,5.1431,5.2438,-0.10070000000000068,-1.9204,231886.92,142662.7658
1543,000006.SZ,20141103,5.1012,5.3361,5.0844,5.2438,5.269,-0.02519999999999989,-0.4783,426568.21,263849.8387
1544,000006.SZ,20141031,5.0592,5.3781,5.0592,5.269,4.8914,0.37760000000000016,7.7197,860079.77,546182.466
1545,000006.SZ,20141030,4.9502,5.0844,4.8411,4.8914,4.9334,-0.041999999999999815,-0.8513,166361.32,97477.0593
1546,000006.SZ,20141029,4.7907,4.9921,4.774,4.9334,4.8075,0.12589999999999968,2.6188,202053.73,117989.6187
1547,000006.SZ,20141028,4.732,4.8243,4.7068,4.8075,4.6985,0.10899999999999999,2.3199,150227.77,85595.1663
1548,000006.SZ,20141027,4.6565,4.7236,4.5978,4.6985,4.6733,0.02519999999999989,0.5392,85790.91,47776.8733
1549,000006.SZ,20141024,4.7572,4.7991,4.6397,4.6733,4.7656,-0.09229999999999983,-1.9368,101153.56,56846.421
1550,000006.SZ,20141023,4.6901,4.7991,4.6313,4.7656,4.7068,0.05879999999999974,1.2493,137989.91,77642.9309
1551,000006.SZ,20141022,4.8663,4.9082,4.7068,4.7068,4.8663,-0.15949999999999953,-3.2776,155035.7,88742.0014
1552,000006.SZ,20141021,4.9502,5.0005,4.8327,4.8663,4.9502,-0.08389999999999986,-1.6949,141569.61,82843.9487
1553,000006.SZ,20141020,4.9418,4.9837,4.883,4.9502,4.9334,0.016799999999999926,0.3405,124904.32,73474.563
1554,000006.SZ,20141017,5.0257,5.0508,4.7907,4.9334,5.0005,-0.06709999999999994,-1.3419,204061.64,119540.244
1555,000006.SZ,20141016,5.1851,5.2438,4.9837,5.0005,5.227,-0.2265000000000006,-4.3333,232699.44,141763.8133
1556,000006.SZ,20141015,5.1851,5.3109,5.1599,5.227,5.1515,0.0754999999999999,1.4656,158671.97,99109.3226
1557,000006.SZ,20141014,5.3025,5.3445,5.1263,5.1515,5.3109,-0.15939999999999976,-3.0014,195973.25,122061.4412
1558,000006.SZ,20141013,5.2606,5.3445,5.2019,5.3109,5.2941,0.016799999999999926,0.3173,209601.27,132279.0258
1559,000006.SZ,20141010,5.2019,5.3277,5.1012,5.2941,5.227,0.06709999999999994,1.2837,277119.2,172554.8304
1560,000006.SZ,20141009,5.0676,5.3025,5.0508,5.227,5.0424,0.18460000000000054,3.661,302710.57,187075.7562
1561,000006.SZ,20141008,4.9921,5.0592,4.9585,5.0424,4.9166,0.1257999999999999,2.5587,259103.16,154923.597
1562,000006.SZ,20140930,4.9166,4.9502,4.8663,4.9166,4.9082,0.008399999999999963,0.1711,128826.12,75521.9447
1563,000006.SZ,20140929,4.9334,5.0005,4.8914,4.9082,4.9418,-0.03359999999999985,-0.6799,183101.25,107450.2078
1564,000006.SZ,20140926,4.925,4.9921,4.8746,4.9418,4.9166,0.02519999999999989,0.5125,147818.85,86860.8336
1565,000006.SZ,20140925,5.0005,5.0424,4.8914,4.9166,5.0005,-0.08389999999999986,-1.6778,212295.87,125534.2903
1566,000006.SZ,20140924,4.9921,5.0089,4.9166,5.0005,4.9921,0.008399999999999963,0.1683,202396.55,119879.738
1567,000006.SZ,20140923,4.8075,5.1012,4.7907,4.9921,4.8075,0.18459999999999965,3.8398,398595.37,236012.3094
1568,000006.SZ,20140922,4.774,4.883,4.7236,4.8075,4.7991,0.008399999999999963,0.175,278609.35,159718.0119
1569,000006.SZ,20140919,4.6985,4.8411,4.6733,4.7991,4.6817,0.11739999999999995,2.5076,309864.72,176054.151
1570,000006.SZ,20140918,4.6817,4.7656,4.6229,4.6817,4.6985,-0.016799999999999926,-0.3576,187226.48,104684.1164
1571,000006.SZ,20140917,4.5642,4.7572,4.5223,4.6985,4.539,0.15950000000000042,3.514,294610.87,163968.6297
1572,000006.SZ,20140916,4.6985,4.7824,4.5139,4.539,4.6985,-0.15950000000000042,-3.3947,297394.42,166326.111
1573,000006.SZ,20140915,4.6985,4.7404,4.6565,4.6985,4.7152,-0.01670000000000016,-0.3542,174815.99,97685.7052
1574,000006.SZ,20140912,4.6985,4.7907,4.6397,4.7152,4.7152,0.0,0.0,200453.65,112811.7588
1575,000006.SZ,20140911,4.6229,4.7404,4.5978,4.7152,4.6397,0.0754999999999999,1.6273,237752.88,132560.4535
1576,000006.SZ,20140910,4.6565,4.7824,4.5894,4.6397,4.6901,-0.05039999999999978,-1.0746,241682.91,134589.92
1577,000006.SZ,20140909,4.5978,4.6985,4.5474,4.6901,4.581,0.10909999999999975,2.3816,246665.68,136600.6178
1578,000006.SZ,20140905,4.5223,4.6146,4.5139,4.581,4.5307,0.05030000000000001,1.1102,222265.6,121195.358
1579,000006.SZ,20140904,4.5139,4.581,4.4971,4.5307,4.5055,0.025200000000000777,0.5593,189168.38,102241.2744
1580,000006.SZ,20140903,4.5978,4.6062,4.4719,4.5055,4.5726,-0.06710000000000083,-1.4674,258532.07,139412.7807
1581,000006.SZ,20140902,4.5642,4.6062,4.4971,4.5726,4.5474,0.025200000000000777,0.5542,154401.58,83805.1721
1582,000006.SZ,20140901,4.5474,4.5642,4.4887,4.5474,4.5055,0.04190000000000005,0.93,100227.45,53990.3801
1583,000006.SZ,20140829,4.4468,4.5978,4.43,4.5055,4.4384,0.06709999999999994,1.5118,167455.12,90619.9709
1584,000006.SZ,20140828,4.43,4.4803,4.3545,4.4384,4.4468,-0.008399999999999963,-0.1889,98019.47,51764.0131
1585,000006.SZ,20140827,4.43,4.4887,4.388,4.4468,4.4216,0.02519999999999989,0.5699,93565.69,49521.4171
1586,000006.SZ,20140826,4.4887,4.539,4.4132,4.4216,4.5558,-0.13419999999999987,-2.9457,217493.09,115845.8901
1587,000006.SZ,20140825,4.6229,4.732,4.5474,4.5558,4.6229,-0.06709999999999994,-1.4515,344477.79,190687.4489
1588,000006.SZ,20140822,4.5055,4.6817,4.4551,4.6229,4.4803,0.14259999999999984,3.1828,349647.64,191801.1461
1589,000006.SZ,20140821,4.5055,4.539,4.4048,4.4803,4.5139,-0.03359999999999985,-0.7444,256652.27,136450.0619
1590,000006.SZ,20140820,4.5307,4.6146,4.4887,4.5139,4.5726,-0.05870000000000086,-1.2837,273096.12,147846.9086
1591,000006.SZ,20140819,4.539,4.6565,4.4971,4.5726,4.5642,0.008400000000000851,0.184,329898.92,179928.5314
1592,000006.SZ,20140818,4.4635,4.6313,4.388,4.5642,4.4551,0.10909999999999975,2.4489,411199.68,221186.1678
1593,000006.SZ,20140815,4.3461,4.5642,4.2789,4.4551,4.3293,0.1257999999999999,2.9058,396520.01,210249.6321
1594,000006.SZ,20140814,4.2286,4.4216,4.1699,4.3293,4.2286,0.10069999999999979,2.3814,442672.45,228712.3906
1595,000006.SZ,20140813,4.1531,4.2538,4.1363,4.2286,4.1531,0.0754999999999999,1.8179,247556.44,123498.6924
1596,000006.SZ,20140812,4.1279,4.1531,4.1111,4.1531,4.1363,0.016799999999999926,0.4062,126373.8,62293.5746
1597,000006.SZ,20140811,4.0776,4.1615,4.0608,4.1363,4.086,0.05030000000000001,1.231,170226.02,83609.5247
1598,000006.SZ,20140808,4.1111,4.1279,4.0608,4.086,4.1111,-0.025100000000000122,-0.6105,73666.63,35875.6026
1599,000006.SZ,20140807,4.1531,4.1699,4.1028,4.1111,4.1531,-0.041999999999999815,-1.0113,180400.17,88773.0695
1600,000006.SZ,20140806,4.1279,4.2202,4.1279,4.1531,4.1279,0.02519999999999989,0.6105,237478.75,117788.5608
1601,000006.SZ,20140805,4.1363,4.1531,4.1028,4.1279,4.1279,0.0,0.0,119677.03,58826.2007
1602,000006.SZ,20140804,4.0944,4.1531,4.0944,4.1279,4.1111,0.016799999999999926,0.4086,126986.62,62491.6276
1603,000006.SZ,20140801,4.1447,4.1783,4.086,4.1111,4.1699,-0.05879999999999974,-1.4101,131421.17,64655.0413
1604,000006.SZ,20140731,4.1615,4.1867,4.0944,4.1699,4.1111,0.05879999999999974,1.4303,141950.47,69997.4153
1605,000006.SZ,20140730,4.195,4.2118,4.0944,4.1111,4.2034,-0.09229999999999983,-2.1958,135175.47,66594.2132
1606,000006.SZ,20140729,4.1867,4.2538,4.1699,4.2034,4.1867,0.01670000000000016,0.3989,107402.16,53820.6433
1607,000006.SZ,20140728,4.1363,4.2202,4.1279,4.1867,4.1531,0.03359999999999985,0.809,147476.56,73411.6043
1608,000006.SZ,20140725,4.1615,4.1699,4.0944,4.1531,4.1615,-0.008399999999999963,-0.2019,96753.82,47545.3528
1609,000006.SZ,20140724,4.0944,4.2118,4.0944,4.1615,4.086,0.0754999999999999,1.8478,170082.85,84326.7657
1610,000006.SZ,20140723,4.1783,4.1783,4.0608,4.086,4.1279,-0.04190000000000005,-1.015,103637.79,50891.7308
1611,000006.SZ,20140722,4.1028,4.1615,4.0776,4.1279,4.086,0.04190000000000005,1.0255,100777.98,49555.1961
1612,000006.SZ,20140721,4.0692,4.1699,4.0272,4.086,4.0944,-0.008399999999999963,-0.2052,110404.05,53898.3147
1613,000006.SZ,20140718,4.0021,4.1363,3.9769,4.0944,4.0356,0.05880000000000063,1.457,171732.85,83770.926
1614,000006.SZ,20140717,4.0692,4.0692,3.9769,4.0356,4.0189,0.01669999999999927,0.4155,73457.7,35208.1065
1615,000006.SZ,20140716,3.9769,4.086,3.9685,4.0189,3.9769,0.04200000000000026,1.0561,115942.72,55856.9835
1616,000006.SZ,20140715,3.9769,4.0189,3.935,3.9769,4.0105,-0.033600000000000296,-0.8378,112648.86,53266.2469
1617,000006.SZ,20140714,3.935,4.044,3.9266,4.0105,3.9266,0.08390000000000031,2.1367,111205.74,52971.7787
1618,000006.SZ,20140711,3.9014,3.9601,3.8846,3.9266,3.8846,0.04200000000000026,1.0812,55039.66,25754.9387
1619,000006.SZ,20140710,3.8846,3.9098,3.8594,3.8846,3.8846,0.0,0.0,43385.49,20116.6416
1620,000006.SZ,20140709,4.0021,4.0021,3.8762,3.8846,3.9937,-0.1091000000000002,-2.7318,77585.82,36267.3951
1621,000006.SZ,20140708,3.9685,4.0189,3.9433,3.9937,3.9685,0.02519999999999989,0.635,59775.47,28322.1649
1622,000006.SZ,20140707,3.9685,4.0105,3.935,3.9685,3.9601,0.008399999999999963,0.2121,90465.91,42922.3542
1623,000006.SZ,20140704,3.9937,4.0021,3.9098,3.9601,4.0272,-0.0670999999999995,-1.6662,125715.23,59224.7333
1624,000006.SZ,20140703,3.893,4.1363,3.8678,4.0272,3.8511,0.17609999999999948,4.5727,257164.23,123014.7343
1625,000006.SZ,20140702,3.8678,3.8678,3.8091,3.8511,3.8511,0.0,0.0,51373.84,23507.3582
1626,000006.SZ,20140701,3.8427,3.8594,3.8007,3.8511,3.8427,0.008400000000000407,0.2186,77794.89,35475.8785
1627,000006.SZ,20140630,3.8762,3.9098,3.8007,3.8427,3.8678,-0.025100000000000122,-0.6489,142713.21,65431.4337
1628,000006.SZ,20140627,3.9517,3.9853,3.8343,3.8678,3.8343,0.033500000000000085,0.8737,156609.85,72533.5512
1629,000006.SZ,20140626,3.6833,3.8762,3.6833,3.8343,3.6916,0.1426999999999996,3.8655,217464.79,99166.6073
1630,000006.SZ,20140625,3.7168,3.7168,3.6665,3.6916,3.7252,-0.03359999999999985,-0.902,24013.11,10553.7855
1631,000006.SZ,20140624,3.7,3.7252,3.6749,3.7252,3.6916,0.03359999999999985,0.9102,34925.0,15387.7826
1632,000006.SZ,20140623,3.7168,3.742,3.6833,3.6916,3.7084,-0.016799999999999926,-0.453,28305.73,12497.4405
1633,000006.SZ,20140620,3.6581,3.7336,3.6161,3.7084,3.6497,0.058699999999999974,1.6084,57462.38,25233.3512
1634,000006.SZ,20140619,3.7839,3.8091,3.6329,3.6497,3.7923,-0.14259999999999984,-3.7603,103620.17,45882.0133
1635,000006.SZ,20140618,3.8427,3.8427,3.7755,3.7923,3.8427,-0.05039999999999978,-1.3116,41499.17,18804.8417
1636,000006.SZ,20140617,3.8594,3.8678,3.8175,3.8427,3.893,-0.05030000000000001,-1.2921,53765.23,24584.9508
1637,000006.SZ,20140616,3.8594,3.9685,3.8091,3.893,3.8594,0.03359999999999985,0.8706,128607.33,59697.6971
1638,000006.SZ,20140613,3.8511,3.8762,3.8007,3.8594,3.8594,0.0,0.0,57297.88,26248.9513
1639,000006.SZ,20140612,3.8762,3.8762,3.8007,3.8594,3.8762,-0.016799999999999926,-0.4334,55172.32,25253.078
1640,000006.SZ,20140611,3.8594,3.893,3.8091,3.8762,3.893,-0.016799999999999926,-0.4315,77493.85,35600.4274
1641,000006.SZ,20140610,3.8846,3.9098,3.8427,3.893,3.8762,0.016799999999999926,0.4334,63178.5,29204.866
1642,000006.SZ,20140609,3.8594,3.9517,3.8259,3.8762,3.8678,0.008399999999999963,0.2172,72730.63,33720.717
1643,000006.SZ,20140606,3.8598,3.8679,3.811,3.8679,3.8516,0.016300000000000203,0.4232,54609.14,25782.0576
1644,000006.SZ,20140605,3.8191,3.8516,3.811,3.8516,3.8191,0.03249999999999975,0.851,26576.92,12536.9536
1645,000006.SZ,20140604,3.8435,3.8841,3.7866,3.8191,3.8191,0.0,0.0,43905.65,20645.1931
1646,000006.SZ,20140603,3.8435,3.8841,3.811,3.8191,3.8273,-0.008199999999999985,-0.2143,75421.31,35689.6261
1647,000006.SZ,20140530,3.9329,3.9735,3.811,3.8273,3.9329,-0.10559999999999992,-2.685,72640.77,34419.5979
1648,000006.SZ,20140529,3.9817,4.0142,3.9085,3.9329,3.9735,-0.04059999999999997,-1.0218,38251.48,18627.8526
1649,000006.SZ,20140528,3.9817,3.9898,3.9166,3.9735,3.9898,-0.01629999999999976,-0.4085,60458.6,29405.3962
1650,000006.SZ,20140527,3.9898,4.006,3.941,3.9898,3.9654,0.024399999999999977,0.6153,53968.5,26386.8853
1651,000006.SZ,20140526,4.006,4.0142,3.9004,3.9654,3.9898,-0.024399999999999977,-0.6116,70084.06,34117.5747
1652,000006.SZ,20140523,3.9085,3.9979,3.876,3.9898,3.8679,0.12189999999999968,3.1516,112125.93,54700.675
1653,000006.SZ,20140522,3.8191,3.9654,3.8029,3.8679,3.8191,0.048799999999999955,1.2778,107028.57,51572.9635
1654,000006.SZ,20140521,3.7704,3.8435,3.7298,3.8191,3.7541,0.06499999999999995,1.7314,44673.76,20898.5975
1655,000006.SZ,20140520,3.811,3.8598,3.7379,3.7541,3.8191,-0.06499999999999995,-1.702,57553.93,26903.6042
1656,000006.SZ,20140519,3.8029,3.8598,3.6404,3.8191,3.7948,0.02430000000000021,0.6403,63213.96,29189.5442
1657,000006.SZ,20140516,3.746,3.8354,3.7216,3.7948,3.746,0.048799999999999955,1.3027,56807.52,26505.5016
1658,000006.SZ,20140515,3.8598,3.8598,3.746,3.746,3.8679,-0.12190000000000012,-3.1516,68404.12,32076.3683
1659,000006.SZ,20140514,3.9492,3.9735,3.8435,3.8679,3.8679,0.0,0.0,112063.91,53762.7287
1660,000006.SZ,20140513,3.8029,3.9004,3.7704,3.8679,3.8273,0.04059999999999997,1.0608,71325.41,33466.3883
1661,000006.SZ,20140512,3.7948,3.8435,3.6729,3.8273,3.7541,0.07319999999999993,1.9499,85777.3,39701.7458
1662,000006.SZ,20140509,3.8029,3.8435,3.7216,3.7541,3.8273,-0.07319999999999993,-1.9126,46437.46,21519.5759
1663,000006.SZ,20140508,3.6973,3.8354,3.681,3.8273,3.7135,0.11380000000000035,3.0645,131663.72,61557.6236
1664,000006.SZ,20140507,3.9004,3.9085,3.7054,3.7135,3.9166,-0.20310000000000006,-5.1856,168102.34,78504.1481
1665,000006.SZ,20140506,3.8923,3.9248,3.8516,3.9166,3.9085,0.008099999999999774,0.2072,78918.85,37766.8083
1666,000006.SZ,20140505,3.941,4.0223,3.8598,3.9085,3.941,-0.03249999999999975,-0.8247,98135.4,47347.7
1667,000006.SZ,20140430,4.0223,4.0304,3.8841,3.941,3.9735,-0.032500000000000195,-0.8179,104137.39,50517.0964
1668,000006.SZ,20140429,3.941,4.0142,3.9166,3.9735,3.9492,0.02430000000000021,0.6153,64339.83,31381.6555
1669,000006.SZ,20140428,3.9979,4.006,3.8191,3.9492,4.006,-0.056800000000000406,-1.4179,145773.71,70276.3025
1670,000006.SZ,20140425,4.1848,4.2254,3.9979,4.006,4.1035,-0.09750000000000014,-2.376,160928.47,81288.9991
1671,000006.SZ,20140424,4.1035,4.2173,4.0548,4.1035,4.1035,0.0,0.0,157740.83,80540.4158
1672,000006.SZ,20140423,4.0467,4.1523,4.0142,4.1035,4.0792,0.02430000000000021,0.5957,144518.19,73003.9538
1673,000006.SZ,20140422,4.0304,4.0954,3.9573,4.0792,4.0385,0.04070000000000018,1.0078,153759.62,76390.3036
1674,000006.SZ,20140421,4.1442,4.1685,3.9735,4.0385,4.1685,-0.1299999999999999,-3.1186,259050.7,129538.2906
1675,000006.SZ,20140418,4.1523,4.2254,4.1442,4.1685,4.1604,0.008099999999999774,0.1947,146567.21,75681.9196
1676,000006.SZ,20140417,4.2417,4.2417,4.1442,4.1604,4.2092,-0.048799999999999955,-1.1594,172654.34,89105.192
1677,000006.SZ,20140416,4.1442,4.2742,4.136,4.2092,4.1767,0.03249999999999975,0.7781,223061.69,115803.2586
1678,000006.SZ,20140415,4.2092,4.2417,4.1117,4.1767,4.2254,-0.0486999999999993,-1.1526,191968.36,99019.3539
1679,000006.SZ,20140414,4.1604,4.2417,4.1117,4.2254,4.1685,0.05689999999999973,1.365,271529.98,140048.7001
1680,000006.SZ,20140411,4.1767,4.2823,4.1442,4.1685,4.2092,-0.04070000000000018,-0.9669,410214.5,213182.2846
1681,000006.SZ,20140410,4.1604,4.2254,4.0954,4.2092,4.1442,0.06500000000000039,1.5685,405318.95,208144.5108
1682,000006.SZ,20140409,4.2661,4.2661,4.071,4.1442,4.2417,-0.09750000000000014,-2.2986,359617.49,184083.0243
1683,000006.SZ,20140408,4.2092,4.2579,4.1523,4.2417,4.2254,0.016300000000000203,0.3858,274904.17,142538.4713
1684,000006.SZ,20140404,4.1442,4.2904,4.0954,4.2254,4.2092,0.016199999999999548,0.3849,360867.46,187665.0205
1685,000006.SZ,20140403,4.3717,4.4123,4.2092,4.2092,4.4448,-0.2355999999999998,-5.3006,511201.44,268675.8585
1686,000006.SZ,20140402,4.3392,4.6805,4.2986,4.4448,4.3798,0.0649999999999995,1.4841,892289.84,495142.0769
1687,000006.SZ,20140401,4.3473,4.4692,4.2092,4.3798,4.3798,0.0,0.0,650819.77,347644.4266
1688,000006.SZ,20140331,4.4042,4.5017,4.2254,4.3798,4.4286,-0.048799999999999955,-1.1019,683436.7,364070.3834
1689,000006.SZ,20140328,4.2579,4.6155,4.1767,4.4286,4.1929,0.23570000000000046,5.6214,1438577.4,782045.8013
1690,000006.SZ,20140327,3.8354,4.1929,3.8191,4.1929,3.811,0.3818999999999999,10.021,601455.84,299988.944
1691,000006.SZ,20140326,3.8841,3.9329,3.7866,3.811,3.8841,-0.07310000000000016,-1.882,236956.58,111957.1389
1692,000006.SZ,20140325,3.7866,3.941,3.746,3.8841,3.8029,0.08119999999999994,2.1352,462105.86,219837.883
1693,000006.SZ,20140324,3.7054,3.8679,3.6973,3.8029,3.7054,0.09750000000000014,2.6313,466873.07,217503.4843
1694,000006.SZ,20140321,3.4941,3.7298,3.4616,3.7054,3.5104,0.19499999999999984,5.5549,426056.47,190052.6636
1695,000006.SZ,20140320,3.5266,3.6404,3.5022,3.5104,3.5185,-0.008099999999999774,-0.2302,193505.17,84953.5596
1696,000006.SZ,20140319,3.486,3.5266,3.4697,3.5185,3.5104,0.008099999999999774,0.2307,120973.56,52137.9628
1697,000006.SZ,20140318,3.5672,3.5754,3.4779,3.5104,3.5754,-0.06499999999999995,-1.818,170254.35,73664.5999
1698,000006.SZ,20140317,3.5185,3.5835,3.486,3.5754,3.5429,0.032500000000000195,0.9173,114581.96,49994.1028
1699,000006.SZ,20140314,3.5754,3.6079,3.4941,3.5429,3.616,-0.07310000000000016,-2.0216,127806.55,55786.6915
1700,000006.SZ,20140313,3.6079,3.6647,3.5916,3.616,3.6322,-0.016199999999999992,-0.446,140069.11,62604.6484
1701,000006.SZ,20140312,3.4941,3.6973,3.4616,3.6322,3.5185,0.11370000000000013,3.2315,185398.0,82384.1452
1702,000006.SZ,20140311,3.4535,3.5591,3.4372,3.5185,3.4535,0.06499999999999995,1.8821,79958.56,34543.3466
1703,000006.SZ,20140310,3.551,3.5591,3.4372,3.4535,3.5835,-0.1299999999999999,-3.6277,88137.31,37892.917
1704,000006.SZ,20140307,3.6647,3.7054,3.5591,3.5835,3.6973,-0.1137999999999999,-3.0779,185153.58,82323.4733
1705,000006.SZ,20140306,3.4941,3.8435,3.4453,3.6973,3.4941,0.20319999999999983,5.8155,316253.19,141671.0316
1706,000006.SZ,20140305,3.551,3.551,3.486,3.4941,3.551,-0.05690000000000017,-1.6024,66598.12,28818.395
1707,000006.SZ,20140304,3.5266,3.5591,3.5022,3.551,3.5266,0.024399999999999977,0.6919,96728.43,42054.4697
1708,000006.SZ,20140303,3.486,3.5835,3.4535,3.5266,3.4941,0.032500000000000195,0.9301,138004.63,59824.0626
1709,000006.SZ,20140228,3.4453,3.5104,3.4128,3.4941,3.4128,0.08130000000000015,2.3822,73166.66,31188.195
1710,000006.SZ,20140227,3.4779,3.4941,3.4047,3.4128,3.486,-0.07320000000000038,-2.0998,87810.23,37269.9966
1711,000006.SZ,20140226,3.4616,3.4941,3.421,3.486,3.4291,0.05690000000000017,1.6593,89324.33,38005.338
1712,000006.SZ,20140225,3.5672,3.5754,3.3803,3.4291,3.551,-0.12190000000000012,-3.4328,183727.71,79262.3583
1713,000006.SZ,20140224,3.6891,3.6891,3.5022,3.551,3.7298,-0.17879999999999985,-4.7938,226442.0,99103.3384
1714,000006.SZ,20140221,3.7216,3.7866,3.6485,3.7298,3.7135,0.016300000000000203,0.4389,138217.43,62943.6079
1715,000006.SZ,20140220,3.6322,3.7704,3.6322,3.7135,3.6241,0.08939999999999992,2.4668,393437.77,180222.4478
1716,000006.SZ,20140219,3.5754,3.6404,3.5672,3.6241,3.5835,0.04059999999999997,1.133,145081.04,64447.5295
1717,000006.SZ,20140218,3.6647,3.6647,3.5672,3.5835,3.681,-0.09750000000000014,-2.6487,199058.53,88080.755
1718,000006.SZ,20140217,3.7135,3.746,3.6241,3.681,3.7216,-0.04059999999999997,-1.0909,285719.67,129154.7461
1719,000006.SZ,20140214,3.681,3.7298,3.6404,3.7216,3.6891,0.032500000000000195,0.881,104434.93,47367.6288
1720,000006.SZ,20140213,3.7541,3.7704,3.6647,3.6891,3.7623,-0.07320000000000038,-1.9456,133871.19,61146.802
1721,000006.SZ,20140212,3.7054,3.7948,3.7054,3.7623,3.7054,0.05690000000000017,1.5356,127681.4,59002.7637
1722,000006.SZ,20140211,3.6566,3.7216,3.6404,3.7054,3.6566,0.048799999999999955,1.3346,180016.43,81849.1418
1723,000006.SZ,20140210,3.5916,3.6647,3.5916,3.6566,3.5916,0.06499999999999995,1.8098,151023.51,67661.7732
1724,000006.SZ,20140207,3.551,3.616,3.5266,3.5916,3.551,0.04059999999999997,1.1433,55279.76,24320.424
1725,000006.SZ,20140130,3.551,3.5672,3.5104,3.551,3.5672,-0.016199999999999992,-0.4541,70773.57,30820.4041
1726,000006.SZ,20140129,3.551,3.5997,3.5104,3.5672,3.5347,0.032500000000000195,0.9195,129108.32,56357.1949
1727,000006.SZ,20140128,3.5916,3.616,3.5104,3.5347,3.5916,-0.05690000000000017,-1.5843,100910.81,44239.3113
1728,000006.SZ,20140127,3.681,3.681,3.5672,3.5916,3.6973,-0.10569999999999968,-2.8588,208261.49,92091.7134
1729,000006.SZ,20140124,3.616,3.8435,3.5916,3.6973,3.616,0.0812999999999997,2.2483,227187.44,104081.9378
1730,000006.SZ,20140123,3.6729,3.6973,3.5997,3.616,3.6973,-0.0812999999999997,-2.1989,113374.27,50687.8551
1731,000006.SZ,20140122,3.5022,3.7298,3.486,3.6973,3.486,0.2112999999999996,6.0614,201352.55,90734.503
1732,000006.SZ,20140121,3.3885,3.5022,3.3803,3.486,3.4047,0.08130000000000015,2.3879,64543.37,27542.3635
1733,000006.SZ,20140120,3.4535,3.4779,3.3722,3.4047,3.4535,-0.048799999999999955,-1.4131,59323.02,24966.6813
1734,000006.SZ,20140117,3.486,3.5429,3.4535,3.4535,3.486,-0.032500000000000195,-0.9323,63076.05,27186.631
1735,000006.SZ,20140116,3.4941,3.5591,3.4535,3.486,3.4779,0.008100000000000218,0.2329,65011.31,28144.3395
1736,000006.SZ,20140115,3.486,3.5104,3.4535,3.4779,3.5104,-0.032500000000000195,-0.9258,69704.95,29796.8694
1737,000006.SZ,20140114,3.4047,3.5266,3.3803,3.5104,3.4047,0.10570000000000013,3.1045,78249.32,33313.0522
1738,000006.SZ,20140113,3.3885,3.421,3.356,3.4047,3.356,0.04870000000000019,1.4511,94935.02,39649.5266
1739,000006.SZ,20140110,3.3966,3.4453,3.3478,3.356,3.4291,-0.07310000000000016,-2.1318,113919.28,47523.6683
1740,000006.SZ,20140109,3.5754,3.5997,3.356,3.4291,3.5672,-0.1381000000000001,-3.8714,164203.07,70633.0899
1741,000006.SZ,20140108,3.616,3.6647,3.551,3.5672,3.616,-0.048799999999999955,-1.3496,79868.49,35430.2794
1742,000006.SZ,20140107,3.616,3.6729,3.5835,3.616,3.6241,-0.008099999999999774,-0.2235,76963.11,34349.5999
1743,000006.SZ,20140106,3.8516,3.8516,3.5835,3.6241,3.8435,-0.21940000000000026,-5.7083,174226.12,78812.7124
1744,000006.SZ,20140103,3.9329,3.941,3.8273,3.8435,3.9573,-0.1137999999999999,-2.8757,104829.29,49909.3816
1745,000006.SZ,20140102,4.006,4.0142,3.9329,3.9573,4.006,-0.04870000000000019,-1.2157,88230.28,43051.9277
1746,000006.SZ,20131231,4.0223,4.0792,3.9898,4.006,4.0385,-0.03249999999999975,-0.8048,65627.91,32479.8183
1747,000006.SZ,20131230,4.006,4.071,3.9492,4.0385,3.9735,0.06499999999999995,1.6358,67945.86,33529.4408
1748,000006.SZ,20131227,3.9166,3.9817,3.9166,3.9735,3.9085,0.06499999999999995,1.663,60713.28,29545.1872
1749,000006.SZ,20131226,4.1117,4.1198,3.8516,3.9085,4.1035,-0.19500000000000028,-4.752,154387.7,75096.7023
1750,000006.SZ,20131225,4.1442,4.1442,4.0629,4.1035,4.136,-0.03249999999999975,-0.7858,99855.9,50301.7968
1751,000006.SZ,20131224,4.0954,4.2336,4.0954,4.136,4.1035,0.03249999999999975,0.792,106809.33,54770.0635
1752,000006.SZ,20131223,4.0954,4.2011,4.0467,4.1035,4.0954,0.008100000000000662,0.1978,67769.04,34264.1983
1753,000006.SZ,20131220,4.2336,4.2904,4.0467,4.0954,4.2579,-0.16250000000000053,-3.8164,123531.13,62947.706
1754,000006.SZ,20131219,4.4448,4.4855,4.2254,4.2579,4.4367,-0.17879999999999985,-4.03,127109.14,67377.7105
1755,000006.SZ,20131218,4.4123,4.5098,4.3636,4.4367,4.4042,0.03249999999999975,0.7379,73100.06,40024.0159
1756,000006.SZ,20131217,4.5017,4.5423,4.3554,4.4042,4.5017,-0.09749999999999925,-2.1658,112885.02,61586.4868
1757,000006.SZ,20131216,4.648,4.6642,4.4692,4.5017,4.6155,-0.11380000000000035,-2.4656,116533.9,64898.6535
1758,000006.SZ,20131213,4.6398,4.8674,4.5911,4.6155,4.6805,-0.06500000000000039,-1.3887,205769.27,119671.8844
1759,000006.SZ,20131212,4.518,4.7455,4.4692,4.6805,4.518,0.16250000000000053,3.5967,222260.98,127588.0989
1760,000006.SZ,20131211,4.5992,4.5992,4.4773,4.518,4.5667,-0.04870000000000019,-1.0664,62017.03,34340.2098
1761,000006.SZ,20131210,4.4286,4.5992,4.4286,4.5667,4.453,0.11369999999999969,2.5533,147089.64,82466.9662
1762,000006.SZ,20131209,4.5098,4.5748,4.3554,4.453,4.5261,-0.07309999999999928,-1.6151,216668.93,117856.2405
1763,000006.SZ,20131206,4.6642,4.6642,4.4936,4.5261,4.6561,-0.13000000000000078,-2.792,143016.23,80182.8868
1764,000006.SZ,20131205,4.6642,4.7292,4.6236,4.6561,4.6723,-0.016199999999999548,-0.3467,92183.36,52898.1597
1765,000006.SZ,20131204,4.7374,4.7699,4.6317,4.6723,4.778,-0.10569999999999968,-2.2122,220299.58,127584.7879
1766,000006.SZ,20131203,4.6236,4.7861,4.5423,4.778,4.6317,0.1462999999999992,3.1587,163878.33,94453.0259
1767,000006.SZ,20131202,4.4692,4.6723,4.4692,4.6317,4.7049,-0.07319999999999993,-1.5558,292961.18,165567.3595
1768,000006.SZ,20131129,4.713,4.7536,4.518,4.7049,4.7292,-0.024299999999999322,-0.5138,280801.46,159676.3251
1769,000006.SZ,20131128,4.7049,4.8674,4.6886,4.7292,4.6723,0.05689999999999973,1.2178,238803.17,140332.1561
1770,000006.SZ,20131127,4.6561,4.7374,4.6155,4.6723,4.713,-0.04070000000000018,-0.8636,151020.17,86830.5073
1771,000006.SZ,20131126,4.9568,4.9568,4.713,4.713,4.8755,-0.16249999999999964,-3.333,190900.55,112344.1669
1772,000006.SZ,20131125,4.7049,4.9242,4.6317,4.8755,4.6967,0.17879999999999985,3.8069,332024.42,197799.2193
1773,000006.SZ,20131122,4.6155,4.7699,4.583,4.6967,4.6073,0.08939999999999948,1.9404,268819.31,155511.6163
1774,000006.SZ,20131121,4.6642,4.8024,4.5748,4.6073,4.7455,-0.13819999999999943,-2.9122,404224.1,232209.2213
1775,000006.SZ,20131120,4.7292,4.8267,4.583,4.7455,4.6886,0.05689999999999973,1.2136,364611.9,212156.9414
1776,000006.SZ,20131119,4.4286,4.8674,4.3554,4.6886,4.4286,0.2599999999999998,5.8709,495293.77,281389.9466
1777,000006.SZ,20131118,4.2904,4.5748,4.2417,4.4286,4.3067,0.12190000000000012,2.8305,339120.85,182714.6574
1778,000006.SZ,20131115,4.3554,4.4611,4.2661,4.3067,4.3717,-0.0649999999999995,-1.4868,279270.66,149486.8406
1779,000006.SZ,20131114,4.0954,4.4286,4.0792,4.3717,4.1442,0.22750000000000004,5.4896,457958.75,239385.3349
1780,000006.SZ,20131113,4.0385,4.2173,3.9654,4.1442,4.006,0.13819999999999943,3.4498,231494.11,116989.7202
1781,000006.SZ,20131112,4.1117,4.2417,3.9979,4.006,4.0548,-0.048799999999999955,-1.2035,176073.84,89311.2127
1782,000006.SZ,20131111,4.0629,4.1035,3.9492,4.0548,4.071,-0.016199999999999548,-0.3979,141552.28,69641.8415
1783,000006.SZ,20131108,4.0954,4.2661,4.0629,4.071,4.1198,-0.048799999999999955,-1.1845,235034.51,120867.5767
1784,000006.SZ,20131107,3.941,4.2254,3.941,4.1198,3.9817,0.13809999999999967,3.4684,416076.57,211837.8763
1785,000006.SZ,20131106,3.9085,4.0792,3.9085,3.9817,3.9248,0.05690000000000017,1.4498,300596.85,149236.6297
1786,000006.SZ,20131105,3.8029,3.9573,3.7623,3.9248,3.811,0.1137999999999999,2.9861,128469.84,61554.1098
1787,000006.SZ,20131104,3.7785,3.8354,3.7379,3.811,3.7785,0.03249999999999975,0.8601,92055.19,43147.3895
1788,000006.SZ,20131101,3.8435,3.8679,3.7379,3.7785,3.8679,-0.08939999999999992,-2.3113,144467.26,67614.1315
1789,000006.SZ,20131031,3.746,3.8923,3.746,3.8679,3.7216,0.1463000000000001,3.9311,212046.96,100435.2249
1790,000006.SZ,20131030,3.6241,3.7216,3.5347,3.7216,3.6485,0.07310000000000016,2.0036,89789.55,40200.0723
1791,000006.SZ,20131029,3.7785,3.8029,3.5022,3.6485,3.8029,-0.15440000000000031,-4.0601,140370.98,63443.2796
1792,000006.SZ,20131028,3.8029,3.8354,3.7216,3.8029,3.7866,0.016300000000000203,0.4305,52589.3,24483.4343
1793,000006.SZ,20131025,3.8598,3.8841,3.7785,3.7866,3.8516,-0.06499999999999995,-1.6876,60681.81,28459.2199
1794,000006.SZ,20131024,3.8516,3.9085,3.8273,3.8516,3.8516,0.0,0.0,76188.7,36317.9389
1795,000006.SZ,20131023,4.0142,4.0223,3.8516,3.8516,3.9979,-0.1463000000000001,-3.6594,141340.43,68161.664
1796,000006.SZ,20131022,4.0873,4.0873,3.9898,3.9979,4.0954,-0.0974999999999997,-2.3807,128026.45,63472.3218
1797,000006.SZ,20131021,4.006,4.1035,3.9654,4.0954,3.9735,0.12189999999999968,3.0678,225530.71,113042.4269
1798,000006.SZ,20131018,4.0142,4.0304,3.941,3.9735,3.9898,-0.01629999999999976,-0.4085,91714.77,44824.8741
1799,000006.SZ,20131017,3.9492,4.0629,3.9248,3.9898,3.9248,0.06499999999999995,1.6561,142418.15,70227.9082
1800,000006.SZ,20131016,3.9979,4.0792,3.9004,3.9248,4.006,-0.08120000000000038,-2.027,156430.83,76711.6162
1801,000006.SZ,20131015,3.9979,4.0142,3.9085,4.006,3.9573,0.04870000000000019,1.2306,126223.48,61554.3872
1802,000006.SZ,20131014,4.0304,4.0629,3.9329,3.9573,4.0629,-0.10559999999999992,-2.5991,136749.58,66974.3424
1803,000006.SZ,20131011,3.9979,4.1035,3.941,4.0629,4.0142,0.04870000000000019,1.2132,218733.92,108282.2553
1804,000006.SZ,20131010,3.8679,4.1117,3.8435,4.0142,3.876,0.13819999999999988,3.5655,333884.5,164677.8188
1805,000006.SZ,20131009,3.8435,3.8923,3.811,3.876,3.8435,0.03249999999999975,0.8456,73599.98,34988.3195
1806,000006.SZ,20131008,3.7541,3.876,3.746,3.8435,3.7541,0.08939999999999992,2.3814,110616.35,52235.4223
1807,000006.SZ,20130930,3.7379,3.8029,3.7298,3.7541,3.7379,0.016200000000000436,0.4334,60640.97,28142.9903
1808,000006.SZ,20130927,3.7054,3.7948,3.6973,3.7379,3.6973,0.04059999999999997,1.0981,64535.99,29714.7
1809,000006.SZ,20130926,3.8273,3.8516,3.6647,3.6973,3.8354,-0.1381000000000001,-3.6007,105924.56,48861.8935
1810,000006.SZ,20130925,3.876,3.941,3.8191,3.8354,3.9004,-0.06499999999999995,-1.6665,167711.83,80233.4114
1811,000006.SZ,20130924,3.9004,3.9248,3.8029,3.9004,3.9166,-0.016199999999999992,-0.4136,173619.61,82799.6647
1812,000006.SZ,20130923,3.8435,3.9573,3.8354,3.9166,3.8191,0.0974999999999997,2.553,154850.7,74502.8512
1813,000006.SZ,20130918,3.8516,3.876,3.746,3.8191,3.8598,-0.040699999999999736,-1.0545,182319.83,85389.6891
1814,000006.SZ,20130917,3.9654,4.0548,3.8191,3.8598,3.9573,-0.09750000000000014,-2.4638,216287.74,104634.8417
1815,000006.SZ,20130916,3.9654,4.1117,3.9004,3.9573,3.9817,-0.024399999999999977,-0.6128,256209.4,126294.7699
1816,000006.SZ,20130913,3.8598,4.0304,3.8191,3.9817,3.876,0.10570000000000013,2.727,344440.93,167320.5358
1817,000006.SZ,20130912,3.8841,3.9329,3.8516,3.876,3.8841,-0.008100000000000218,-0.2085,152398.6,72974.0218
1818,000006.SZ,20130911,3.9492,3.9492,3.8354,3.8841,3.941,-0.05689999999999973,-1.4438,216251.23,103408.4326
1819,000006.SZ,20130910,3.8435,4.0142,3.811,3.941,3.8516,0.08939999999999992,2.3211,356121.16,172467.7549
1820,000006.SZ,20130909,3.7623,3.941,3.7216,3.8516,3.7623,0.08929999999999971,2.3735,301557.69,143471.4279
1821,000006.SZ,20130906,3.7704,3.811,3.7135,3.7623,3.7704,-0.008099999999999774,-0.2148,161951.1,74975.2394
1822,000006.SZ,20130905,3.7866,3.8598,3.7379,3.7704,3.7704,0.0,0.0,147383.33,68705.5198
1823,000006.SZ,20130904,3.8841,3.941,3.7379,3.7704,3.8841,-0.11370000000000013,-2.9273,273345.85,129506.59
1824,000006.SZ,20130903,3.7379,3.9573,3.6566,3.8841,3.7135,0.1706000000000003,4.594,288688.31,136947.1392
1825,000006.SZ,20130902,3.8841,3.941,3.6647,3.7135,3.8679,-0.15440000000000031,-3.9918,248968.36,114496.8585
1826,000006.SZ,20130830,3.7541,4.0223,3.7216,3.8679,3.7379,0.13000000000000034,3.4779,407607.88,195415.6195
1827,000006.SZ,20130829,3.7298,3.7948,3.6729,3.7379,3.6729,0.06499999999999995,1.7697,303500.12,140098.2896
1828,000006.SZ,20130828,3.6566,3.7379,3.5347,3.6729,3.6647,0.008199999999999985,0.2238,207865.46,93241.7487
1829,000006.SZ,20130827,3.616,3.7298,3.5754,3.6647,3.5997,0.06499999999999995,1.8057,182714.76,82542.7588
1830,000006.SZ,20130826,3.5104,3.616,3.4697,3.5997,3.4941,0.10559999999999992,3.0222,126230.1,55100.346
1831,000006.SZ,20130823,3.5835,3.5997,3.4453,3.4941,3.5997,-0.10559999999999992,-2.9336,175857.66,76146.3813
1832,000006.SZ,20130822,3.7948,3.8354,3.5672,3.5997,3.7785,-0.1788000000000003,-4.732,378759.92,172125.3207
1833,000006.SZ,20130821,3.7379,3.8029,3.616,3.7785,3.7216,0.05690000000000017,1.5289,298304.33,136673.7827
1834,000006.SZ,20130820,3.7298,3.8354,3.6729,3.7216,3.7135,0.008100000000000218,0.2181,344582.98,158628.2982
1835,000006.SZ,20130819,3.5997,3.7298,3.5347,3.7135,3.5835,0.1299999999999999,3.6277,293453.43,130616.7301
1836,000006.SZ,20130816,3.5266,3.6891,3.4941,3.5835,3.5266,0.05689999999999973,1.6135,265606.58,116979.5202
1837,000006.SZ,20130815,3.5266,3.5916,3.486,3.5266,3.5266,0.0,0.0,115230.0,50130.5631
1838,000006.SZ,20130814,3.5022,3.5347,3.4616,3.5266,3.486,0.04059999999999997,1.1647,77993.01,33658.4303
1839,000006.SZ,20130813,3.4697,3.5347,3.4535,3.486,3.4616,0.02440000000000042,0.7049,72039.82,31031.8819
1840,000006.SZ,20130812,3.4047,3.4779,3.4047,3.4616,3.421,0.04059999999999997,1.1868,88983.84,37777.3396
1841,000006.SZ,20130809,3.3966,3.4453,3.3641,3.421,3.3885,0.03249999999999975,0.9591,73745.87,30979.6012
1842,000006.SZ,20130808,3.3722,3.421,3.3478,3.3885,3.3722,0.016300000000000203,0.4834,44146.82,18346.652
1843,000006.SZ,20130807,3.3885,3.4453,3.3722,3.3722,3.3641,0.008099999999999774,0.2408,93482.83,39259.1541
1844,000006.SZ,20130806,3.356,3.3803,3.3153,3.3641,3.356,0.008100000000000218,0.2414,49604.34,20453.9812
1845,000006.SZ,20130805,3.3641,3.3641,3.3235,3.356,3.356,0.0,0.0,40046.56,16496.1759
1846,000006.SZ,20130802,3.3966,3.421,3.3478,3.356,3.3397,0.01629999999999976,0.4881,76603.36,31989.2194
1847,000006.SZ,20130801,3.2828,3.3478,3.2828,3.3397,3.2828,0.05690000000000017,1.7333,45428.5,18572.2214
1848,000006.SZ,20130731,3.3153,3.3803,3.2747,3.2828,3.2422,0.04059999999999997,1.2522,54362.88,22255.218
1849,000006.SZ,20130730,3.226,3.291,3.2178,3.2422,3.226,0.016199999999999992,0.5022,34448.95,13800.6684
1850,000006.SZ,20130729,3.2991,3.2991,3.2097,3.226,3.2991,-0.07310000000000016,-2.2158,56875.7,22681.3058
1851,000006.SZ,20130726,3.3153,3.3478,3.2747,3.2991,3.3316,-0.03249999999999975,-0.9755,40460.28,16448.588
1852,000006.SZ,20130725,3.3641,3.3722,3.3235,3.3316,3.3478,-0.016199999999999992,-0.4839,46187.51,18991.7202
1853,000006.SZ,20130724,3.4047,3.4047,3.3153,3.3478,3.4128,-0.06499999999999995,-1.9046,52912.2,21825.3248
1854,000006.SZ,20130723,3.3397,3.4372,3.3153,3.4128,3.3316,0.08119999999999994,2.4373,66875.24,27958.3762
1855,000006.SZ,20130722,3.3072,3.3478,3.2828,3.3316,3.3153,0.01629999999999976,0.4917,33988.01,13861.5406
1856,000006.SZ,20130719,3.4372,3.4535,3.3072,3.3153,3.4291,-0.1137999999999999,-3.3187,79477.16,32835.7947
1857,000006.SZ,20130718,3.4779,3.5185,3.3803,3.4291,3.4779,-0.048799999999999955,-1.4031,80719.45,34194.0194
1858,000006.SZ,20130717,3.4453,3.5754,3.3966,3.4779,3.4453,0.03259999999999996,0.9462,120390.35,51582.3891
1859,000006.SZ,20130716,3.4128,3.4453,3.3722,3.4453,3.4372,0.008100000000000218,0.2357,56590.41,23735.8303
1860,000006.SZ,20130715,3.3966,3.4616,3.3722,3.4372,3.3966,0.04059999999999997,1.1953,64512.46,27132.2248
1861,000006.SZ,20130712,3.486,3.4941,3.3966,3.3966,3.486,-0.08940000000000037,-2.5645,78259.72,33133.0249
1862,000006.SZ,20130711,3.356,3.5266,3.356,3.486,3.3722,0.11380000000000035,3.3747,113300.16,48335.1291
1863,000006.SZ,20130710,3.2666,3.3722,3.2666,3.3722,3.2666,0.10559999999999992,3.2327,49712.93,20380.9111
1864,000006.SZ,20130709,3.2585,3.3072,3.2178,3.2666,3.2747,-0.008100000000000218,-0.2474,36970.81,14830.2375
1865,000006.SZ,20130708,3.3316,3.3478,3.2747,3.2747,3.3722,-0.0974999999999997,-2.8913,47564.87,19347.0719
1866,000006.SZ,20130705,3.3478,3.4941,3.3478,3.3722,3.3235,0.048699999999999743,1.4653,70781.21,29756.7843
1867,000006.SZ,20130704,3.3153,3.4047,3.291,3.3235,3.3153,0.008199999999999985,0.2473,59092.72,24417.5885
1868,000006.SZ,20130703,3.4128,3.4128,3.2747,3.3153,3.4047,-0.08939999999999992,-2.6258,58899.29,24079.0138
1869,000006.SZ,20130702,3.3722,3.421,3.3478,3.4047,3.4047,0.0,0.0,54040.47,22489.1633
1870,000006.SZ,20130701,3.3966,3.4291,3.3316,3.4047,3.4616,-0.05689999999999973,-1.6437,68023.32,28228.9683
1871,000006.SZ,20130628,3.4128,3.5916,3.4047,3.4616,3.4291,0.03249999999999975,0.9478,123680.93,53505.3778
1872,000006.SZ,20130627,3.3803,3.551,3.3722,3.4291,3.3803,0.048799999999999955,1.4437,113665.73,48273.403
1873,000006.SZ,20130626,3.4128,3.4453,3.2828,3.3803,3.2747,0.10559999999999992,3.2247,79013.83,32853.9477
1874,000006.SZ,20130625,3.1284,3.3153,2.9497,3.2747,3.1366,0.1381000000000001,4.4029,130219.99,50554.2724
1875,000006.SZ,20130624,3.4535,3.4535,3.1203,3.1366,3.4697,-0.33309999999999995,-9.6003,110809.33,44265.1402
1876,000006.SZ,20130621,3.4291,3.5266,3.356,3.4697,3.4697,0.0,0.0,48242.92,20537.1218
1877,000006.SZ,20130620,3.6485,3.6485,3.4616,3.4697,3.616,-0.1463000000000001,-4.0459,67684.25,29678.0995
1878,000006.SZ,20130619,3.5932,3.7221,3.5553,3.616,3.5402,0.07580000000000009,2.1411,109920.36,52659.9376
1879,000006.SZ,20130618,3.5553,3.616,3.525,3.5402,3.4947,0.045500000000000096,1.302,43686.13,20500.15
1880,000006.SZ,20130617,3.5553,3.5629,3.4719,3.4947,3.5326,-0.037900000000000045,-1.0729,37743.36,17429.5697
1881,000006.SZ,20130614,3.5023,3.5553,3.5023,3.5326,3.5098,0.022800000000000153,0.6496,43355.69,20216.1561
1882,000006.SZ,20130613,3.616,3.616,3.3734,3.5098,3.6236,-0.11380000000000035,-3.1405,75971.64,35117.8409
1883,000006.SZ,20130607,3.669,3.6918,3.616,3.6236,3.669,-0.045399999999999885,-1.2374,75369.57,36278.5282
1884,000006.SZ,20130606,3.7145,3.7373,3.6463,3.669,3.7827,-0.11370000000000013,-3.0058,122876.35,59745.0318
1885,000006.SZ,20130605,3.851,3.8813,3.7827,3.7827,3.7752,0.007500000000000284,0.1987,158884.38,80370.4606
1886,000006.SZ,20130604,3.7979,3.8282,3.6994,3.7752,3.8282,-0.052999999999999936,-1.3845,106896.54,52890.417
1887,000006.SZ,20130603,3.8358,3.851,3.7752,3.8282,3.7903,0.037900000000000045,0.9999,131275.4,66127.5883
1888,000006.SZ,20130531,3.7827,3.8813,3.76,3.7903,3.7448,0.04549999999999965,1.215,262291.2,132219.4549
1889,000006.SZ,20130530,3.7752,3.7752,3.7221,3.7448,3.7979,-0.0530999999999997,-1.3981,155167.18,76591.3712
1890,000006.SZ,20130529,3.7903,3.8358,3.7524,3.7979,3.8358,-0.037900000000000045,-0.9881,249645.53,124738.4126
1891,000006.SZ,20130528,3.6236,3.8661,3.6236,3.8358,3.5781,0.2576999999999998,7.2021,488720.64,242745.7375
1892,000006.SZ,20130527,3.5629,3.5856,3.5326,3.5781,3.5705,0.007600000000000051,0.2129,97286.69,45700.2833
1893,000006.SZ,20130524,3.525,3.5856,3.525,3.5705,3.5629,0.007600000000000051,0.2133,78801.54,36987.1765
1894,000006.SZ,20130523,3.5629,3.6236,3.5326,3.5629,3.5781,-0.015200000000000102,-0.4248,152162.86,72147.7528
1895,000006.SZ,20130522,3.5402,3.6008,3.5098,3.5781,3.5402,0.037900000000000045,1.0706,114152.53,53775.473
1896,000006.SZ,20130521,3.5326,3.5553,3.5098,3.5402,3.5326,0.007600000000000051,0.2151,72833.49,33965.4971
1897,000006.SZ,20130520,3.5629,3.6008,3.5174,3.5326,3.5477,-0.015099999999999891,-0.4256,126978.93,59725.9426
1898,000006.SZ,20130517,3.4719,3.5856,3.4644,3.5477,3.4719,0.07579999999999965,2.1832,157071.42,73375.4122
1899,000006.SZ,20130516,3.4113,3.4795,3.3658,3.4719,3.4189,0.05300000000000038,1.5502,104430.9,47428.2411
1900,000006.SZ,20130515,3.4113,3.4416,3.3961,3.4189,3.4037,0.015199999999999658,0.4466,35032.95,15770.3066
1901,000006.SZ,20130514,3.4492,3.4492,3.3734,3.4037,3.4189,-0.015199999999999658,-0.4446,52994.69,23861.5856
1902,000006.SZ,20130513,3.4189,3.4568,3.3961,3.4189,3.4113,0.007599999999999607,0.2228,66247.22,29968.4132
1903,000006.SZ,20130510,3.3355,3.4265,3.3203,3.4113,3.3355,0.07580000000000009,2.2725,70288.5,31336.4274
1904,000006.SZ,20130509,3.3961,3.4113,3.3203,3.3355,3.3961,-0.06059999999999999,-1.7844,64152.59,28338.583
1905,000006.SZ,20130508,3.4189,3.4568,3.3886,3.3961,3.4189,-0.02279999999999971,-0.6669,63358.37,28557.3253
1906,000006.SZ,20130507,3.4113,3.434,3.3961,3.4189,3.4113,0.007599999999999607,0.2228,45155.14,20317.2514
1907,000006.SZ,20130506,3.4037,3.4265,3.381,3.4113,3.4113,0.0,0.0,58038.34,26081.7664
1908,000006.SZ,20130503,3.3582,3.4265,3.3582,3.4113,3.3582,0.05310000000000015,1.5812,58088.54,26083.3883
1909,000006.SZ,20130502,3.3355,3.3886,3.3127,3.3582,3.3355,0.022699999999999942,0.6806,44117.9,19518.1882
1910,000006.SZ,20130426,3.3658,3.3961,3.3355,3.3355,3.3582,-0.022699999999999942,-0.676,43151.3,19144.0626
1911,000006.SZ,20130425,3.4795,3.4795,3.3279,3.3582,3.525,-0.16679999999999984,-4.7319,140637.15,62685.8561
1912,000006.SZ,20130424,3.5174,3.5781,3.5023,3.525,3.525,0.0,0.0,78097.34,36353.7716
1913,000006.SZ,20130423,3.6463,3.6539,3.4871,3.525,3.6463,-0.12130000000000019,-3.3267,87374.85,40865.8487
1914,000006.SZ,20130422,3.6615,3.6842,3.616,3.6463,3.6994,-0.0530999999999997,-1.4354,84929.65,40818.2292
1915,000006.SZ,20130419,3.6615,3.7145,3.6236,3.6994,3.6463,0.0530999999999997,1.4563,127712.74,61967.8565
1916,000006.SZ,20130418,3.6615,3.6994,3.6084,3.6463,3.6539,-0.007600000000000051,-0.208,80334.54,38738.5776
1917,000006.SZ,20130417,3.6615,3.6994,3.5932,3.6539,3.6615,-0.007600000000000051,-0.2076,94538.25,45399.7197
1918,000006.SZ,20130416,3.5326,3.6615,3.5023,3.6615,3.5477,0.11380000000000035,3.2077,146759.66,70160.1396
1919,000006.SZ,20130415,3.5098,3.5932,3.4795,3.5477,3.5402,0.00749999999999984,0.2119,61025.22,28472.4169
1920,000006.SZ,20130412,3.5705,3.6084,3.5326,3.5402,3.6236,-0.08340000000000014,-2.3016,85123.62,40013.9516
1921,000006.SZ,20130411,3.5705,3.7069,3.5553,3.6236,3.5629,0.0607000000000002,1.7037,163090.92,78199.3961
1922,000006.SZ,20130410,3.5705,3.5932,3.525,3.5629,3.5553,0.007600000000000051,0.2138,67465.34,31716.4429
1923,000006.SZ,20130409,3.5174,3.5781,3.5098,3.5553,3.4871,0.06820000000000004,1.9558,81867.42,38346.2562
1924,000006.SZ,20130408,3.4871,3.4871,3.4113,3.4871,3.4947,-0.007600000000000051,-0.2175,53376.19,24306.0364
1925,000006.SZ,20130403,3.525,3.5477,3.4795,3.4947,3.5098,-0.015099999999999891,-0.4302,52546.13,24312.3718
1926,000006.SZ,20130402,3.5174,3.5629,3.4795,3.5098,3.5098,0.0,0.0,85855.26,39967.8724
1927,000006.SZ,20130401,3.4113,3.525,3.3886,3.5098,3.4113,0.09849999999999959,2.8875,105440.15,48637.5665
1928,000006.SZ,20130329,3.3658,3.434,3.3658,3.4113,3.3658,0.045500000000000096,1.3518,51676.37,23239.7093
1929,000006.SZ,20130328,3.5023,3.5023,3.3582,3.3658,3.525,-0.1591999999999998,-4.5163,85663.94,38447.7962
1930,000006.SZ,20130327,3.5023,3.5705,3.5023,3.525,3.5098,0.015200000000000102,0.4331,68166.6,31825.3722
1931,000006.SZ,20130326,3.5174,3.616,3.4871,3.5098,3.5629,-0.05310000000000015,-1.4904,97348.92,45319.3392
1932,000006.SZ,20130325,3.5629,3.616,3.5174,3.5629,3.5629,0.0,0.0,103859.99,48801.2416
1933,000006.SZ,20130322,3.4795,3.5781,3.4644,3.5629,3.4947,0.06820000000000004,1.9515,108172.13,50297.1266
1934,000006.SZ,20130321,3.5023,3.5174,3.4492,3.4947,3.5023,-0.007600000000000051,-0.217,94236.17,43274.1128
1935,000006.SZ,20130320,3.3961,3.5174,3.3734,3.5023,3.4037,0.0985999999999998,2.8968,122678.68,56247.8931
1936,000006.SZ,20130319,3.3279,3.4037,3.2976,3.4037,3.3203,0.08340000000000014,2.5118,72158.56,32078.8298
1937,000006.SZ,20130318,3.29,3.3431,3.2748,3.3203,3.3127,0.007600000000000051,0.2294,52631.92,23000.7474
1938,000006.SZ,20130315,3.3658,3.381,3.2673,3.3127,3.381,-0.0682999999999998,-2.0201,99968.09,43886.3854
1939,000006.SZ,20130314,3.3734,3.4113,3.3431,3.381,3.381,0.0,0.0,53455.21,23841.2053
1940,000006.SZ,20130313,3.4568,3.4568,3.3203,3.381,3.4644,-0.08340000000000014,-2.4073,108060.37,48072.1195
1941,000006.SZ,20130312,3.4871,3.5402,3.4113,3.4644,3.5023,-0.037900000000000045,-1.0821,89743.93,41258.139
1942,000006.SZ,20130311,3.5023,3.5174,3.4568,3.5023,3.5023,0.0,0.0,80134.81,36940.3956
1943,000006.SZ,20130308,3.5402,3.5477,3.4795,3.5023,3.5477,-0.045399999999999885,-1.2797,89115.3,41235.0858
1944,000006.SZ,20130307,3.5326,3.5932,3.4871,3.5477,3.5402,0.00749999999999984,0.2119,161441.97,75628.839
1945,000006.SZ,20130306,3.5477,3.5932,3.5023,3.5402,3.5477,-0.00749999999999984,-0.2114,203913.12,95002.8504
1946,000006.SZ,20130305,3.4492,3.5705,3.3582,3.5477,3.5326,0.015099999999999891,0.4274,203562.58,93539.0724
1947,000006.SZ,20130304,3.6539,3.7524,3.5326,3.5326,3.9268,-0.3942000000000001,-10.0387,248114.99,117099.9164
1948,000006.SZ,20130301,3.9419,3.9723,3.8661,3.9268,3.9495,-0.022699999999999942,-0.5748,97345.38,50173.8095
1949,000006.SZ,20130228,3.851,3.9647,3.851,3.9495,3.8434,0.10610000000000008,2.7606,138681.43,71782.8167
1950,000006.SZ,20130227,3.7903,3.8737,3.7903,3.8434,3.7903,0.05310000000000015,1.4009,126789.44,63920.2925
1951,000006.SZ,20130226,3.8661,3.8965,3.7827,3.7903,3.904,-0.11370000000000013,-2.9124,98330.96,49748.3798
1952,000006.SZ,20130225,3.8661,3.9344,3.8282,3.904,3.8661,0.037900000000000045,0.9803,69570.45,35635.7985
1953,000006.SZ,20130222,3.9116,3.9571,3.8586,3.8661,3.8813,-0.015200000000000102,-0.3916,88281.36,45596.4042
1954,000006.SZ,20130221,3.9798,4.0026,3.8358,3.8813,4.0481,-0.16679999999999984,-4.1205,189633.26,97843.0107
1955,000006.SZ,20130220,4.0102,4.0556,3.9798,4.0481,4.0405,0.007600000000000051,0.1881,140163.07,74346.9919
1956,000006.SZ,20130219,4.2148,4.2224,3.9798,4.0405,4.2224,-0.18190000000000062,-4.308,205190.44,110096.0022
1957,000006.SZ,20130218,4.3058,4.3286,4.1769,4.2224,4.2679,-0.04549999999999965,-1.0661,114803.3,64051.435
1958,000006.SZ,20130208,4.3058,4.321,4.2073,4.2679,4.2527,0.015200000000000102,0.3574,125131.19,70583.8038
1959,000006.SZ,20130207,4.2603,4.3437,4.2073,4.2527,4.2831,-0.030400000000000205,-0.7098,114656.66,64264.8021
1960,000006.SZ,20130206,4.2452,4.3361,4.1466,4.2831,4.2755,0.007600000000000051,0.1778,189907.33,106244.2128
1961,000006.SZ,20130205,4.1315,4.3589,4.0556,4.2755,4.0784,0.19709999999999983,4.8328,384387.9,214294.6863
1962,000006.SZ,20130204,4.1997,4.2073,4.0481,4.0784,4.1997,-0.12129999999999974,-2.8883,231053.27,125192.3767
1963,000006.SZ,20130201,4.2073,4.23,4.1087,4.1997,4.1921,0.007600000000000051,0.1813,162655.99,89053.0648
1964,000006.SZ,20130131,4.2906,4.3437,4.1466,4.1921,4.2982,-0.10609999999999964,-2.4685,215352.27,120217.0779
1965,000006.SZ,20130130,4.2148,4.3361,4.1769,4.2982,4.2148,0.08339999999999925,1.9787,264175.26,149046.752
1966,000006.SZ,20130129,4.1542,4.3513,4.1542,4.2148,4.1542,0.06059999999999999,1.4588,249129.12,140071.9442
1967,000006.SZ,20130128,4.0632,4.1921,4.0405,4.1542,4.0253,0.12890000000000068,3.2022,195537.23,106328.9358
1968,000006.SZ,20130125,4.0405,4.1011,3.9798,4.0253,4.0177,0.007600000000000051,0.1892,149488.12,79567.0938
1969,000006.SZ,20130124,4.0936,4.2679,3.995,4.0177,4.1997,-0.18200000000000038,-4.3336,382075.4,207490.0071
1970,000006.SZ,20130123,3.9647,4.3968,3.9571,4.1997,3.995,0.20469999999999988,5.1239,574059.09,319883.6287
1971,000006.SZ,20130122,4.1694,4.1997,3.9495,3.995,4.0784,-0.08340000000000014,-2.0449,339293.96,181090.6541
1972,000006.SZ,20130121,3.9874,4.1239,3.9571,4.0784,3.9268,0.15160000000000018,3.8606,600645.17,321206.4939
1973,000006.SZ,20130118,3.7448,3.9723,3.7448,3.9268,3.7373,0.18950000000000022,5.0705,492862.02,251813.8425
1974,000006.SZ,20130117,3.7145,3.7524,3.6918,3.7373,3.7297,0.007600000000000051,0.2038,112878.34,55465.7933
1975,000006.SZ,20130116,3.7979,3.7979,3.6842,3.7297,3.8131,-0.08340000000000014,-2.1872,176671.23,87056.3668
1976,000006.SZ,20130115,3.8434,3.8661,3.7752,3.8131,3.8131,0.0,0.0,230570.76,115827.4111
1977,000006.SZ,20130114,3.6842,3.8282,3.6615,3.8131,3.6918,0.12129999999999974,3.2857,185433.06,92306.5327
1978,000006.SZ,20130111,3.8206,3.8965,3.669,3.6918,3.8358,-0.14399999999999968,-3.7541,236688.59,117490.5097
1979,000006.SZ,20130110,3.8055,3.8813,3.7827,3.8358,3.7979,0.037900000000000045,0.9979,231290.95,116720.5362
1980,000006.SZ,20130109,3.8055,3.8434,3.7524,3.7979,3.851,-0.05310000000000015,-1.3789,218039.31,109400.9764
1981,000006.SZ,20130108,3.904,4.0177,3.7979,3.851,3.7297,0.12130000000000019,3.2523,472007.79,241215.9215
1982,000006.SZ,20130107,3.7145,3.7448,3.6539,3.7297,3.7373,-0.007600000000000051,-0.2034,132315.27,64525.6416
1983,000006.SZ,20130104,3.8055,3.8661,3.7145,3.7373,3.7524,-0.015100000000000335,-0.4024,262711.01,131245.1986
1984,000006.SZ,20121231,3.6842,3.8358,3.6311,3.7524,3.6842,0.06820000000000004,1.8511,308357.78,152564.0127
1985,000006.SZ,20121228,3.5705,3.7297,3.5629,3.6842,3.5705,0.11370000000000013,3.1844,220302.15,106461.0705
1986,000006.SZ,20121227,3.669,3.6842,3.5629,3.5705,3.669,-0.09850000000000003,-2.6847,191793.86,91163.1621
1987,000006.SZ,20121226,3.6236,3.8661,3.5932,3.669,3.6387,0.030299999999999994,0.8327,349311.87,170966.453
1988,000006.SZ,20121225,3.5023,3.7221,3.4568,3.6387,3.5553,0.08340000000000014,2.3458,418873.89,201503.8068
1989,000006.SZ,20121224,3.4719,3.6008,3.4113,3.5553,3.4795,0.07580000000000009,2.1785,231864.52,107252.4723
1990,000006.SZ,20121221,3.5326,3.616,3.4568,3.4795,3.5629,-0.08340000000000014,-2.3408,263067.5,122196.7658
1991,000006.SZ,20121220,3.616,3.616,3.4644,3.5629,3.5629,0.0,0.0,517013.99,242309.697
1992,000006.SZ,20121219,3.2445,3.5629,3.2294,3.5629,3.2369,0.32600000000000007,10.0714,314901.42,143436.9662
1993,000006.SZ,20121218,3.2976,3.3431,3.2294,3.2369,3.3127,-0.07580000000000009,-2.2882,145858.38,63258.9817
1994,000006.SZ,20121217,3.3127,3.4492,3.3052,3.3127,3.3052,0.00749999999999984,0.2269,230470.33,102395.8422
1995,000006.SZ,20121214,3.1687,3.3431,3.1536,3.3052,3.1687,0.1365000000000003,4.3078,214264.14,92689.1842
1996,000006.SZ,20121213,3.1915,3.2521,3.1611,3.1687,3.1915,-0.022800000000000153,-0.7144,89819.95,38013.2673
1997,000006.SZ,20121212,3.1839,3.2218,3.146,3.1915,3.2066,-0.015099999999999891,-0.4709,104521.16,43813.4321
1998,000006.SZ,20121211,3.1763,3.3355,3.146,3.2066,3.1839,0.022699999999999942,0.713,224143.97,96344.7115
1999,000006.SZ,20121210,3.1763,3.2218,3.146,3.1839,3.199,-0.015099999999999891,-0.472,135876.91,57005.0322
2000,000006.SZ,20121207,3.1687,3.2748,3.1232,3.199,3.1005,0.09850000000000003,3.1769,213892.11,89777.5256
2001,000006.SZ,20121206,3.0777,3.1156,3.0398,3.1005,3.0777,0.02279999999999971,0.7408,81618.83,33210.4052
2002,000006.SZ,20121205,2.9413,3.1081,2.9186,3.0777,2.9337,0.14400000000000013,4.9085,129002.77,51851.2862
2003,000006.SZ,20121204,2.8806,2.9337,2.8352,2.9337,2.8806,0.05310000000000015,1.8434,36597.06,13922.4287
2004,000006.SZ,20121203,2.9261,2.9868,2.8579,2.8806,2.9261,-0.045500000000000096,-1.555,51165.16,19788.5816
2005,000006.SZ,20121130,2.8427,2.9565,2.8427,2.9261,2.8352,0.09089999999999998,3.2061,61315.72,23632.9859
2006,000006.SZ,20121129,2.8427,2.8731,2.8276,2.8352,2.8427,-0.00749999999999984,-0.2638,27092.25,10188.6197
2007,000006.SZ,20121128,2.9186,2.9186,2.8276,2.8427,2.9186,-0.0759000000000003,-2.6006,48742.31,18402.3911
2008,000006.SZ,20121127,3.0247,3.0247,2.9034,2.9186,3.0398,-0.12119999999999997,-3.9871,75769.9,29461.254
2009,000006.SZ,20121126,3.055,3.0702,3.0247,3.0398,3.0474,-0.007600000000000051,-0.2494,28268.2,11334.9277
2010,000006.SZ,20121123,3.0247,3.0777,3.0247,3.0474,3.0398,0.007600000000000051,0.25,33413.64,13458.6357
2011,000006.SZ,20121122,3.0702,3.0702,3.0323,3.0398,3.0929,-0.05310000000000015,-1.7168,41191.92,16565.092
2012,000006.SZ,20121121,3.0247,3.0929,3.0095,3.0929,3.0323,0.06059999999999999,1.9985,58199.7,23447.1572
2013,000006.SZ,20121120,3.0702,3.0929,3.0247,3.0323,3.0626,-0.030299999999999994,-0.9894,36342.13,14659.5389
2014,000006.SZ,20121119,3.0398,3.0702,3.0247,3.0626,3.055,0.007600000000000051,0.2488,27761.6,11140.1986
2015,000006.SZ,20121116,3.0171,3.0626,3.0095,3.055,3.0171,0.037900000000000045,1.2562,35901.35,14372.5652
2016,000006.SZ,20121115,3.0247,3.0853,3.0171,3.0171,3.0474,-0.030299999999999994,-0.9943,44669.79,17945.0369
2017,000006.SZ,20121114,3.0929,3.1005,3.0247,3.0474,3.1005,-0.0530999999999997,-1.7126,77100.64,31085.0408
2018,000006.SZ,20121113,3.2294,3.2294,3.0777,3.1005,3.2369,-0.13640000000000008,-4.2139,110711.24,45776.8567
2019,000006.SZ,20121112,3.1308,3.2521,3.1308,3.2369,3.1687,0.06820000000000004,2.1523,109549.53,46121.3626
2020,000006.SZ,20121109,3.1839,3.2142,3.1536,3.1687,3.1839,-0.015200000000000102,-0.4774,62509.97,26230.1734
2021,000006.SZ,20121108,3.2142,3.2976,3.1611,3.1839,3.2369,-0.052999999999999936,-1.6374,89649.32,38127.3553
2022,000006.SZ,20121107,3.2369,3.2748,3.199,3.2369,3.2445,-0.007600000000000051,-0.2342,68147.11,29048.6875
2023,000006.SZ,20121106,3.3203,3.3203,3.1839,3.2445,3.3203,-0.07580000000000009,-2.2829,129910.8,55527.1028
2024,000006.SZ,20121105,3.3734,3.3734,3.2976,3.3203,3.3961,-0.07580000000000009,-2.232,188973.66,83093.6998
2025,000006.SZ,20121102,3.3355,3.4113,3.2369,3.3961,3.2597,0.13640000000000008,4.1844,359208.55,157734.163
2026,000006.SZ,20121101,3.1308,3.3582,3.1232,3.2597,3.146,0.11370000000000013,3.6141,285085.7,122674.2924
2027,000006.SZ,20121031,3.1156,3.1611,3.0777,3.146,3.1308,0.015200000000000102,0.4855,60638.08,24957.7893
2028,000006.SZ,20121030,3.0474,3.1915,3.0474,3.1308,3.0474,0.0833999999999997,2.7368,89195.24,36824.6494
2029,000006.SZ,20121029,3.0474,3.0777,3.0247,3.0474,3.0626,-0.015200000000000102,-0.4963,28856.71,11600.0497
2030,000006.SZ,20121026,3.1081,3.1156,3.0323,3.0626,3.0929,-0.030299999999999994,-0.9797,52934.12,21334.4565
2031,000006.SZ,20121025,3.1611,3.1915,3.0929,3.0929,3.1536,-0.060699999999999754,-1.9248,59538.47,24611.6265
2032,000006.SZ,20121024,3.1156,3.1763,3.1156,3.1536,3.1611,-0.00749999999999984,-0.2373,63484.97,26434.6353
2033,000006.SZ,20121023,3.1839,3.2673,3.1536,3.1611,3.1839,-0.022800000000000153,-0.7161,145188.93,61715.2956
2034,000006.SZ,20121022,3.1384,3.2066,3.0929,3.1839,3.1611,0.022800000000000153,0.7213,87841.59,36441.7442
2035,000006.SZ,20121019,3.1081,3.2369,3.0929,3.1611,3.1081,0.052999999999999936,1.7052,130783.12,54660.6192
2036,000006.SZ,20121018,3.0323,3.1308,3.0247,3.1081,3.0247,0.0833999999999997,2.7573,105917.08,43327.3527
2037,000006.SZ,20121017,3.0626,3.0626,3.0019,3.0247,3.0474,-0.022699999999999942,-0.7449,27029.1,10790.082
2038,000006.SZ,20121016,3.055,3.0777,3.0323,3.0474,3.055,-0.007600000000000051,-0.2488,30211.72,12186.0874
2039,000006.SZ,20121015,3.055,3.055,3.0095,3.055,3.0247,0.030299999999999994,1.0018,31258.31,12519.8743
2040,000006.SZ,20121012,3.0247,3.055,3.0019,3.0247,3.0247,0.0,0.0,31583.06,12617.1724
2041,000006.SZ,20121011,3.055,3.0777,3.0171,3.0247,3.0702,-0.04549999999999965,-1.482,31832.31,12790.8478
2042,000006.SZ,20121010,3.0474,3.0853,3.0171,3.0702,3.0474,0.02279999999999971,0.7482,49746.42,20025.4235
2043,000006.SZ,20121009,3.0247,3.055,3.0019,3.0474,2.9944,0.052999999999999936,1.77,38212.34,15302.9243
2044,000006.SZ,20121008,3.0474,3.0626,2.9716,2.9944,3.0398,-0.045399999999999885,-1.4935,30068.49,11904.51
2045,000006.SZ,20120928,2.964,3.0474,2.964,3.0398,2.964,0.07580000000000009,2.5574,57615.0,22877.6094
2046,000006.SZ,20120927,2.9186,2.9868,2.9034,2.964,2.911,0.052999999999999936,1.8207,40680.97,15816.2923
2047,000006.SZ,20120926,2.9792,2.9792,2.8882,2.911,2.9868,-0.07580000000000009,-2.5378,38585.61,14892.4637
2048,000006.SZ,20120925,3.0095,3.0171,2.9565,2.9868,2.9868,0.0,0.0,29118.0,11466.4826
2049,000006.SZ,20120924,2.9792,3.0019,2.9186,2.9868,2.9868,0.0,0.0,44562.72,17368.1506
2050,000006.SZ,20120921,2.9868,3.0095,2.9413,2.9868,2.9716,0.015200000000000102,0.5115,39999.24,15716.3081
2051,000006.SZ,20120920,3.0702,3.0702,2.9716,2.9716,3.0626,-0.09100000000000019,-2.9713,47091.14,18688.7964
2052,000006.SZ,20120919,3.0777,3.0777,3.0398,3.0626,3.0626,0.0,0.0,32120.43,12967.9469
2053,000006.SZ,20120918,3.0702,3.1005,3.0398,3.0626,3.055,0.007600000000000051,0.2488,28364.64,11481.6437
2054,000006.SZ,20120917,3.1308,3.1536,3.0323,3.055,3.1308,-0.07579999999999965,-2.4211,52928.51,21498.8852
2055,000006.SZ,20120914,3.1611,3.1763,3.1005,3.1308,3.1308,0.0,0.0,56337.35,23369.8283
2056,000006.SZ,20120913,3.1915,3.1915,3.1232,3.1308,3.1763,-0.045500000000000096,-1.4325,48140.55,20079.6778
2057,000006.SZ,20120912,3.1384,3.1915,3.1232,3.1763,3.1384,0.037900000000000045,1.2076,68959.15,28705.0498
2058,000006.SZ,20120911,3.1611,3.1687,3.1156,3.1384,3.1763,-0.037900000000000045,-1.1932,56068.45,23182.7749
2059,000006.SZ,20120910,3.1763,3.2218,3.146,3.1763,3.1763,0.0,0.0,57046.43,23939.2404
2060,000006.SZ,20120907,3.0929,3.199,3.0853,3.1763,3.0626,0.11369999999999969,3.7125,101899.27,42297.6318
2061,000006.SZ,20120906,3.0474,3.0777,3.0474,3.0626,3.0474,0.015200000000000102,0.4988,18390.35,7424.7131
2062,000006.SZ,20120905,3.0247,3.0777,3.0171,3.0474,3.0323,0.015099999999999891,0.498,28400.34,11424.8373
2063,000006.SZ,20120904,3.0929,3.1005,3.0323,3.0323,3.0929,-0.06059999999999999,-1.9593,41839.6,16910.5916
2064,000006.SZ,20120903,3.0323,3.1156,3.0247,3.0929,3.0398,0.05310000000000015,1.7468,48288.27,19694.5262
2065,000006.SZ,20120831,2.9944,3.055,2.9944,3.0398,3.0095,0.030299999999999994,1.0068,21194.6,8468.2735
2066,000006.SZ,20120830,3.0171,3.055,2.9792,3.0095,3.0323,-0.022800000000000153,-0.7519,43279.96,17244.805
2067,000006.SZ,20120829,3.0474,3.0929,3.0323,3.0323,3.0702,-0.0378999999999996,-1.2344,41813.89,16846.7945
2068,000006.SZ,20120828,3.0929,3.1156,2.9944,3.0702,3.1232,-0.05300000000000038,-1.697,67033.24,27066.5054
2069,000006.SZ,20120827,3.0853,3.2218,3.0626,3.1232,3.1156,0.007600000000000051,0.2439,106574.91,44256.4866
2070,000006.SZ,20120824,3.1005,3.146,3.0626,3.1156,3.1308,-0.015199999999999658,-0.4855,68554.34,28020.8215
2071,000006.SZ,20120823,3.1081,3.1536,3.0929,3.1308,3.0853,0.04549999999999965,1.4747,54263.9,22368.8909
2072,000006.SZ,20120822,3.1156,3.1232,3.0702,3.0853,3.1005,-0.015199999999999658,-0.4902,40978.4,16687.6693
2073,000006.SZ,20120821,3.0929,3.1308,3.0626,3.1005,3.1005,0.0,0.0,70194.4,28741.4615
2074,000006.SZ,20120820,3.1005,3.1081,3.055,3.1005,3.1308,-0.030299999999999994,-0.9678,40782.23,16524.5839
2075,000006.SZ,20120817,3.1308,3.1384,3.0929,3.1308,3.1308,0.0,0.0,34531.79,14181.4201
2076,000006.SZ,20120816,3.146,3.1611,3.1156,3.1308,3.1384,-0.007600000000000051,-0.2422,31899.29,13196.4786
2077,000006.SZ,20120815,3.2066,3.2142,3.1232,3.1384,3.2294,-0.09100000000000019,-2.8179,48151.94,20103.7079
2078,000006.SZ,20120814,3.1915,3.2294,3.1232,3.2294,3.2142,0.015200000000000102,0.4729,52680.68,22177.6314
2079,000006.SZ,20120813,3.3279,3.3279,3.2066,3.2142,3.3279,-0.11370000000000013,-3.4166,90296.92,38760.1432
2080,000006.SZ,20120810,3.2824,3.3279,3.2445,3.3279,3.3203,0.007600000000000051,0.2289,94352.73,40939.1723
2081,000006.SZ,20120809,3.2976,3.4492,3.2597,3.3203,3.199,0.12130000000000019,3.7918,167288.45,73624.1555
2082,000006.SZ,20120808,3.2218,3.2294,3.1611,3.199,3.2294,-0.030400000000000205,-0.9414,41242.24,17400.632
2083,000006.SZ,20120807,3.1536,3.2445,3.1536,3.2294,3.146,0.08340000000000014,2.651,73488.41,31054.2885
2084,000006.SZ,20120806,3.0777,3.1687,3.0626,3.146,3.0777,0.0682999999999998,2.2192,52575.71,21580.9297
2085,000006.SZ,20120803,3.0702,3.0853,3.0474,3.0777,3.0323,0.045399999999999885,1.4972,46346.96,18733.908
2086,000006.SZ,20120802,3.1763,3.1763,3.0247,3.0323,3.1763,-0.14399999999999968,-4.5336,71354.82,28882.5604
2087,000006.SZ,20120801,3.1081,3.199,3.0929,3.1763,3.1081,0.06820000000000004,2.1943,52831.79,22010.8674
2088,000006.SZ,20120731,3.0929,3.1611,3.0626,3.1081,3.1081,0.0,0.0,45817.84,18774.8021
2089,000006.SZ,20120730,3.1384,3.1611,3.0853,3.1081,3.1384,-0.030299999999999994,-0.9655,36692.19,15091.2585
2090,000006.SZ,20120727,3.2673,3.2673,3.1005,3.1384,3.2369,-0.09850000000000003,-3.043,97315.11,40508.4941
2091,000006.SZ,20120726,3.3355,3.3734,3.2066,3.2369,3.3506,-0.11370000000000013,-3.3934,115843.42,50098.4292
2092,000006.SZ,20120725,3.434,3.434,3.3355,3.3506,3.434,-0.08340000000000014,-2.4287,60889.61,27112.5814
2093,000006.SZ,20120724,3.4189,3.4871,3.3961,3.434,3.4265,0.007500000000000284,0.2189,42911.1,19508.4546
2094,000006.SZ,20120723,3.4644,3.4795,3.3961,3.4265,3.5098,-0.08329999999999993,-2.3734,57681.43,26107.2205
2095,000006.SZ,20120720,3.4492,3.6008,3.4265,3.5098,3.5174,-0.007600000000000051,-0.2161,96286.24,44581.6164
2096,000006.SZ,20120719,3.4113,3.5781,3.3658,3.5174,3.4416,0.07579999999999965,2.2025,104197.7,48039.2589
2097,000006.SZ,20120718,3.4795,3.4947,3.3052,3.4416,3.4644,-0.02279999999999971,-0.6581,88108.01,39367.163
2098,000006.SZ,20120717,3.3355,3.4795,3.3203,3.4644,3.3506,0.1137999999999999,3.3964,108661.95,49454.701
2099,000006.SZ,20120716,3.4795,3.5023,3.3052,3.3506,3.4644,-0.1137999999999999,-3.2848,77884.1,34951.8377
2100,000006.SZ,20120713,3.5023,3.525,3.4568,3.4644,3.5326,-0.06820000000000004,-1.9306,58127.89,26724.1882
2101,000006.SZ,20120712,3.5174,3.5856,3.434,3.5326,3.434,0.0985999999999998,2.8713,146413.01,68034.2565
2102,000006.SZ,20120711,3.3052,3.4644,3.2597,3.434,3.3203,0.11370000000000013,3.4244,68251.79,30547.6786
2103,000006.SZ,20120710,3.4304,3.4536,3.2972,3.3203,3.4188,-0.09850000000000003,-2.8811,66344.69,38310.3747
2104,000006.SZ,20120709,3.5463,3.5811,3.3957,3.4188,3.5753,-0.15649999999999986,-4.3773,98080.27,59124.8481
2105,000006.SZ,20120706,3.5116,3.6159,3.5116,3.5753,3.4594,0.11589999999999989,3.3503,159548.78,97950.7043
2106,000006.SZ,20120705,3.4131,3.5232,3.3957,3.4594,3.4188,0.04059999999999997,1.1876,132733.65,79641.1363
2107,000006.SZ,20120704,3.442,3.4768,3.3957,3.4188,3.3609,0.05790000000000006,1.7228,71709.56,42496.0729
2108,000006.SZ,20120703,3.3435,3.4188,3.3087,3.3609,3.3435,0.01739999999999986,0.5204,72681.89,42454.4142
2109,000006.SZ,20120702,3.3493,3.3957,3.3087,3.3435,3.3087,0.034800000000000164,1.0518,48152.49,27808.0511
2110,000006.SZ,20120629,3.2566,3.3261,3.1929,3.3087,3.274,0.03469999999999995,1.0599,49582.85,27937.0443
2111,000006.SZ,20120628,3.303,3.4015,3.2682,3.274,3.2682,0.005799999999999805,0.1775,67503.78,38848.9274
2112,000006.SZ,20120627,3.303,3.3609,3.2566,3.2682,3.3667,-0.09849999999999959,-2.9257,63383.49,36150.4154
2113,000006.SZ,20120626,3.4594,3.4594,3.1581,3.3667,3.5116,-0.14490000000000025,-4.1263,167965.1,95149.022
2114,000006.SZ,20120625,3.4768,3.6506,3.4362,3.5116,3.5058,0.005800000000000249,0.1654,212777.27,130583.8254
2115,000006.SZ,20120621,3.442,3.5579,3.4246,3.5058,3.4304,0.07539999999999969,2.198,95458.74,57570.8584
2116,000006.SZ,20120620,3.4536,3.4768,3.4188,3.4304,3.4536,-0.023199999999999665,-0.6718,33184.32,19720.5682
2117,000006.SZ,20120619,3.5116,3.5232,3.4536,3.4536,3.5174,-0.06380000000000008,-1.8138,46356.77,27848.4451
2118,000006.SZ,20120618,3.5405,3.5463,3.4942,3.5174,3.5347,-0.017300000000000093,-0.4894,36675.83,22315.5459
2119,000006.SZ,20120615,3.5058,3.5463,3.4015,3.5347,3.5058,0.028900000000000148,0.8243,71836.91,43048.5649
2120,000006.SZ,20120614,3.5695,3.5985,3.4884,3.5058,3.6043,-0.09850000000000003,-2.7328,57641.73,35305.4112
2121,000006.SZ,20120613,3.5985,3.6506,3.5463,3.6043,3.5927,0.011600000000000055,0.3229,120305.96,74360.6879
2122,000006.SZ,20120612,3.4768,3.6564,3.4652,3.5927,3.5174,0.07529999999999992,2.1408,145561.7,89703.1648
2123,000006.SZ,20120611,3.4015,3.5405,3.3261,3.5174,3.4015,0.11589999999999989,3.4073,93279.94,55705.9612
2124,000006.SZ,20120608,3.5058,3.5116,3.3899,3.4015,3.4131,-0.011600000000000055,-0.3399,75692.62,45010.2609
2125,000006.SZ,20120607,3.4246,3.5174,3.3957,3.4131,3.3841,0.028999999999999915,0.8569,71739.92,42701.1235
2126,000006.SZ,20120606,3.4015,3.4362,3.3609,3.3841,3.3783,0.005800000000000249,0.1717,29746.68,17461.7743
2127,000006.SZ,20120605,3.4188,3.4304,3.3667,3.3783,3.3841,-0.005800000000000249,-0.1714,34522.3,20214.0168
2128,000006.SZ,20120604,3.4246,3.4884,3.3841,3.3841,3.5116,-0.12749999999999995,-3.6308,59050.1,35008.436
2129,000006.SZ,20120601,3.5521,3.5579,3.4478,3.5116,3.5463,-0.03469999999999995,-0.9785,57468.47,34728.4964
2130,000006.SZ,20120531,3.5753,3.5753,3.4942,3.5463,3.5753,-0.028999999999999915,-0.8111,60537.23,36921.8326
2131,000006.SZ,20120530,3.5174,3.6217,3.5058,3.5753,3.5405,0.03479999999999972,0.9829,96428.27,59658.1918
2132,000006.SZ,20120529,3.4768,3.5579,3.4478,3.5405,3.5116,0.028900000000000148,0.823,97714.53,59114.9676
2133,000006.SZ,20120528,3.5637,3.5637,3.3087,3.5116,3.5521,-0.04049999999999976,-1.1402,135765.96,80241.2705
2134,000006.SZ,20120525,3.5058,3.5927,3.4942,3.5521,3.5116,0.04049999999999976,1.1533,79590.9,48858.8988
2135,000006.SZ,20120524,3.5579,3.6275,3.4942,3.5116,3.5753,-0.06369999999999987,-1.7817,109197.03,67154.2799
2136,000006.SZ,20120523,3.4478,3.639,3.4073,3.5753,3.4478,0.12749999999999995,3.698,188751.85,115913.3998
2137,000006.SZ,20120522,3.3841,3.4594,3.3609,3.4478,3.3377,0.11010000000000009,3.2987,82756.34,48873.338
2138,000006.SZ,20120521,3.2856,3.3725,3.2508,3.3377,3.2856,0.05209999999999981,1.5857,66365.19,38044.5656
2139,000006.SZ,20120518,3.3667,3.3899,3.2334,3.2856,3.4188,-0.13319999999999999,-3.8961,102447.78,58557.4
2140,000006.SZ,20120517,3.3783,3.4478,3.3609,3.4188,3.3841,0.03469999999999995,1.0254,57992.5,34139.1934
2141,000006.SZ,20120516,3.4478,3.4826,3.3783,3.3841,3.4652,-0.08109999999999973,-2.3404,56063.1,33133.8528
2142,000006.SZ,20120515,3.5174,3.5174,3.3551,3.4652,3.5116,-0.04640000000000022,-1.3213,137210.99,80910.9732
2143,000006.SZ,20120511,3.5695,3.6101,3.5116,3.5116,3.5869,-0.07529999999999992,-2.0993,65570.27,40115.5322
2144,000006.SZ,20120510,3.5753,3.6217,3.5521,3.5869,3.5811,0.005799999999999805,0.162,72847.21,44957.4958
2145,000006.SZ,20120509,3.5637,3.6564,3.5637,3.5811,3.5927,-0.01159999999999961,-0.3229,93101.1,57884.8118
2146,000006.SZ,20120508,3.6506,3.6506,3.5463,3.5927,3.6564,-0.06370000000000031,-1.7422,119706.19,74134.0699
2147,000006.SZ,20120507,3.7144,3.7955,3.639,3.6564,3.7028,-0.046399999999999775,-1.2531,155539.51,99220.6961
2148,000006.SZ,20120504,3.726,3.7723,3.5869,3.7028,3.7491,-0.04630000000000001,-1.235,228177.15,145129.2024
2149,000006.SZ,20120503,3.7549,3.7723,3.6622,3.7491,3.7781,-0.028999999999999915,-0.7676,179559.05,115208.1853
2150,000006.SZ,20120502,3.7202,3.8129,3.6912,3.7781,3.6796,0.09849999999999959,2.6769,190470.93,123630.5162
2151,000006.SZ,20120427,3.6448,3.7781,3.6043,3.6796,3.7028,-0.023199999999999665,-0.6266,201960.81,128832.7464
2152,000006.SZ,20120426,3.8766,3.9404,3.7028,3.7028,3.8766,-0.17379999999999995,-4.4833,347020.43,229411.8436
2153,000006.SZ,20120425,3.697,4.0099,3.6332,3.8766,3.726,0.15059999999999985,4.0419,540505.3,357818.1156
2154,000006.SZ,20120424,3.5869,3.7433,3.5232,3.726,3.5579,0.16809999999999992,4.7247,351854.96,222192.0417
2155,000006.SZ,20120423,3.5405,3.6854,3.5058,3.5579,3.5637,-0.005799999999999805,-0.1628,213433.25,131991.2487
2156,000006.SZ,20120420,3.4884,3.6506,3.4188,3.5637,3.4768,0.08689999999999998,2.4994,300909.87,185139.3611
2157,000006.SZ,20120419,3.4188,3.5,3.3609,3.4768,3.4652,0.011600000000000055,0.3348,171255.23,101349.6356
2158,000006.SZ,20120418,3.3957,3.5521,3.3725,3.4652,3.3551,0.11009999999999964,3.2816,300675.79,179743.7628
2159,000006.SZ,20120417,3.5637,3.6101,3.303,3.3551,3.6448,-0.28969999999999985,-7.9483,436963.24,261113.627
2160,000006.SZ,20120416,3.5637,3.8187,3.5058,3.6448,3.6622,-0.01739999999999986,-0.4751,650214.67,407672.8091
2161,000006.SZ,20120413,3.6332,3.7665,3.5463,3.6622,3.4362,0.22599999999999998,6.577,907194.36,575682.1326
2162,000006.SZ,20120412,3.1407,3.4362,3.1001,3.4362,3.1233,0.31289999999999996,10.0182,381653.73,217062.7986
2163,000006.SZ,20120411,3.0596,3.2334,3.0422,3.1233,3.1059,0.01739999999999986,0.5602,148476.37,80886.4791
2164,000006.SZ,20120410,3.0074,3.1175,2.9437,3.1059,3.0364,0.06950000000000012,2.2889,114157.96,59525.5643
2165,000006.SZ,20120409,3.0712,3.1233,2.99,3.0364,3.1465,-0.11010000000000009,-3.4991,103751.82,54639.7032
2166,000006.SZ,20120406,3.1697,3.3377,3.0886,3.1465,3.1639,-0.01739999999999986,-0.55,206343.27,114561.9454
2167,000006.SZ,20120405,3.1755,3.1929,3.1117,3.1639,3.1929,-0.028999999999999915,-0.9083,173484.69,94672.0205
2168,000006.SZ,20120330,3.1349,3.2102,3.077,3.1929,3.1813,0.011600000000000055,0.3646,187745.28,101626.1111
2169,000006.SZ,20120329,3.0016,3.2102,2.8278,3.1813,3.0654,0.11589999999999989,3.7809,363871.53,194772.249
2170,000006.SZ,20120328,2.9437,3.2218,2.9205,3.0654,2.9727,0.09269999999999978,3.1184,264837.17,141973.1402
2171,000006.SZ,20120327,3.1291,3.1291,2.9611,2.9727,3.0712,-0.09850000000000003,-3.2072,223561.4,117892.4411
2172,000006.SZ,20120326,2.9669,3.0712,2.8973,3.0712,2.793,0.2782,9.9606,303120.97,159220.1089
2173,000006.SZ,20120323,2.7988,2.8162,2.7583,2.793,2.822,-0.028999999999999915,-1.0276,56048.45,26957.9345
2174,000006.SZ,20120322,2.8046,2.8452,2.7698,2.822,2.8104,0.011600000000000055,0.4128,60724.85,29513.043
2175,000006.SZ,20120321,2.8104,2.8278,2.7177,2.8104,2.8104,0.0,0.0,51121.59,24517.1614
2176,000006.SZ,20120320,2.8336,2.8568,2.793,2.8104,2.8394,-0.028999999999999915,-1.0213,60125.5,29374.9082
2177,000006.SZ,20120319,2.8162,2.8452,2.7872,2.8394,2.8336,0.005799999999999805,0.2047,43994.22,21376.8773
2178,000006.SZ,20120316,2.7525,2.8452,2.7467,2.8336,2.7756,0.058000000000000274,2.0896,70042.12,34028.6749
2179,000006.SZ,20120315,2.9031,2.9031,2.7177,2.7756,2.9147,-0.1391,-4.7724,96881.46,46646.1127
2180,000006.SZ,20120314,3.1059,3.1407,2.8973,2.9147,3.1117,-0.19700000000000006,-6.3309,157374.9,82523.7453
2181,000006.SZ,20120313,3.1291,3.1349,3.0538,3.1117,3.1291,-0.017400000000000304,-0.5561,78784.01,41992.6913
2182,000006.SZ,20120312,3.1871,3.2334,3.0828,3.1291,3.1755,-0.046399999999999775,-1.4612,53809.6,29263.0489
2183,000006.SZ,20120308,3.0654,3.1929,3.0654,3.1755,3.077,0.09850000000000003,3.2012,71356.51,38945.0349
2184,000006.SZ,20120307,3.1291,3.1697,3.077,3.077,3.1407,-0.06369999999999987,-2.0282,72073.82,39001.1155
2185,000006.SZ,20120306,3.1581,3.1929,3.1059,3.1407,3.1755,-0.034800000000000164,-1.0959,44936.05,24366.1677
2186,000006.SZ,20120305,3.1987,3.3203,3.1639,3.1755,3.1639,0.011600000000000055,0.3666,135554.99,75972.4878
2187,000006.SZ,20120302,3.0828,3.1929,3.0654,3.1639,3.0712,0.09269999999999978,3.0184,91814.1,49912.0301
2188,000006.SZ,20120301,3.0654,3.1175,3.048,3.0712,3.0538,0.017400000000000304,0.5698,52655.4,28103.9647
2189,000006.SZ,20120229,3.0712,3.1291,3.048,3.0538,3.1349,-0.08110000000000017,-2.587,89370.78,47590.7184
2190,000006.SZ,20120228,3.1117,3.1581,3.048,3.1349,3.1291,0.005799999999999805,0.1854,99758.21,53179.3995
2191,000006.SZ,20120227,3.0828,3.1929,3.0828,3.1291,3.1233,0.005800000000000249,0.1857,208622.05,113344.8992
2192,000006.SZ,20120224,2.8857,3.1349,2.8684,3.1233,2.8915,0.23179999999999978,8.0166,234789.1,123638.156
2193,000006.SZ,20120223,2.8394,2.9147,2.8162,2.8915,2.8568,0.0347000000000004,1.2146,106543.33,52655.9333
2194,000006.SZ,20120222,2.7235,2.8568,2.7177,2.8568,2.7409,0.11589999999999989,4.2285,162312.09,79189.1855
2195,000006.SZ,20120221,2.7119,2.7409,2.6655,2.7409,2.7061,0.03479999999999972,1.286,68842.48,32105.5833
2196,000006.SZ,20120220,2.7235,2.7467,2.6945,2.7061,2.6829,0.02320000000000011,0.8647,49353.42,23142.3183
2197,000006.SZ,20120217,2.7003,2.7061,2.6424,2.6829,2.6887,-0.005799999999999805,-0.2157,32975.0,15223.6679
2198,000006.SZ,20120216,2.6945,2.7235,2.6597,2.6887,2.7177,-0.028999999999999915,-1.0671,41175.99,19110.8746
2199,000006.SZ,20120215,2.6945,2.7293,2.6655,2.7177,2.7003,0.01739999999999986,0.6444,55948.1,26121.6706
2200,000006.SZ,20120214,2.6655,2.7177,2.625,2.7003,2.6655,0.03479999999999972,1.3056,49367.87,22771.869
2201,000006.SZ,20120213,2.6192,2.7177,2.6018,2.6655,2.7061,-0.04059999999999997,-1.5003,60559.17,27648.7615
2202,000006.SZ,20120210,2.7177,2.8104,2.6771,2.7061,2.7177,-0.01159999999999961,-0.4268,93889.22,44491.8764
2203,000006.SZ,20120209,2.6597,2.7409,2.625,2.7177,2.6482,0.06949999999999967,2.6244,102969.71,47831.2743
2204,000006.SZ,20120208,2.6308,2.6597,2.5612,2.6482,2.6134,0.034800000000000164,1.3316,72026.48,32532.6304
2205,000006.SZ,20120207,2.5844,2.654,2.567,2.6134,2.5844,0.028999999999999915,1.1221,99933.96,45069.1113
2206,000006.SZ,20120206,2.6018,2.6192,2.5496,2.5844,2.6018,-0.01739999999999986,-0.6688,44030.61,19642.1764
2207,000006.SZ,20120203,2.5902,2.654,2.567,2.6018,2.5612,0.04059999999999997,1.5852,77664.43,34943.8811
2208,000006.SZ,20120202,2.5207,2.5844,2.4917,2.5612,2.5033,0.05790000000000006,2.3129,43332.41,19035.5458
2209,000006.SZ,20120201,2.5496,2.5496,2.4743,2.5033,2.5439,-0.04059999999999997,-1.596,22194.74,9650.891
2210,000006.SZ,20120131,2.5091,2.5554,2.5091,2.5439,2.5091,0.03479999999999972,1.387,22198.23,9670.0611
2211,000006.SZ,20120130,2.5844,2.5844,2.5091,2.5091,2.6018,-0.09269999999999978,-3.5629,46411.81,20302.7336
2212,000006.SZ,20120120,2.5554,2.6134,2.5323,2.6018,2.5554,0.046399999999999775,1.8158,66312.39,29560.4375
2213,000006.SZ,20120119,2.5091,2.5786,2.4975,2.5554,2.5091,0.04630000000000001,1.8453,59650.95,26261.2264
2214,000006.SZ,20120118,2.5554,2.5902,2.5033,2.5091,2.5786,-0.06949999999999967,-2.6953,64024.46,28162.3027
2215,000006.SZ,20120117,2.4975,2.6076,2.4569,2.5786,2.4743,0.10429999999999984,4.2153,82477.34,36204.0071
2216,000006.SZ,20120116,2.5091,2.5612,2.4453,2.4743,2.5381,-0.06380000000000008,-2.5137,66251.03,28568.5527
2217,000006.SZ,20120113,2.6482,2.6482,2.4975,2.5381,2.7061,-0.16800000000000015,-6.2082,195901.25,86663.6384
2218,000006.SZ,20120112,2.4396,2.7119,2.4396,2.7061,2.4627,0.24340000000000028,9.8835,294176.97,136286.9031
2219,000006.SZ,20120111,2.4685,2.4917,2.4453,2.4627,2.4685,-0.005800000000000249,-0.235,31783.51,13529.9317
2220,000006.SZ,20120110,2.4106,2.4859,2.3874,2.4685,2.3816,0.08689999999999998,3.6488,40733.52,17142.0005
2221,000006.SZ,20120109,2.3237,2.3874,2.3005,2.3816,2.3179,0.06370000000000031,2.7482,25362.32,10286.2135
2222,000006.SZ,20120106,2.3352,2.3352,2.2715,2.3179,2.3237,-0.005800000000000249,-0.2496,12420.0,4931.8449
2223,000006.SZ,20120105,2.3237,2.37,2.3121,2.3237,2.3526,-0.028899999999999704,-1.2284,18929.6,7618.0158
2224,000006.SZ,20120104,2.4048,2.4453,2.3526,2.3526,2.3758,-0.02320000000000011,-0.9765,18416.2,7619.2863
2225,000006.SZ,20111230,2.3468,2.399,2.3468,2.3758,2.341,0.03479999999999972,1.4865,12108.62,4957.3826
2226,000006.SZ,20111229,2.3932,2.3932,2.341,2.341,2.37,-0.028999999999999915,-1.2236,10600.44,4339.1286
2227,000006.SZ,20111228,2.3816,2.4048,2.3352,2.37,2.3932,-0.02320000000000011,-0.9694,20869.48,8514.716
2228,000006.SZ,20111227,2.4338,2.4338,2.3932,2.3932,2.4338,-0.04059999999999997,-1.6682,9504.91,3953.6585
2229,000006.SZ,20111226,2.4222,2.4627,2.4222,2.4338,2.4396,-0.005799999999999805,-0.2377,8578.05,3618.7114
2230,000006.SZ,20111223,2.428,2.4743,2.399,2.4396,2.4106,0.028999999999999915,1.203,13923.11,5878.3494
2231,000006.SZ,20111222,2.4453,2.4569,2.3816,2.4106,2.4396,-0.028999999999999915,-1.1887,17213.94,7166.49
2232,000006.SZ,20111221,2.5265,2.5323,2.4338,2.4396,2.4975,-0.05790000000000006,-2.3183,15165.75,6516.2608
2233,000006.SZ,20111220,2.4743,2.5439,2.4743,2.4975,2.5033,-0.005799999999999805,-0.2317,19362.6,8421.815
2234,000006.SZ,20111219,2.5149,2.5207,2.4569,2.5033,2.5207,-0.017400000000000304,-0.6903,15857.64,6790.1345
2235,000006.SZ,20111216,2.4685,2.5207,2.4338,2.5207,2.4685,0.052200000000000024,2.1146,20465.79,8736.4914
2236,000006.SZ,20111215,2.4569,2.5091,2.4048,2.4685,2.4569,0.011600000000000055,0.4721,25981.57,11075.8136
2237,000006.SZ,20111214,2.5381,2.5554,2.4453,2.4569,2.5496,-0.09269999999999978,-3.6359,14577.4,6310.4279
2238,000006.SZ,20111213,2.6424,2.6424,2.5265,2.5496,2.6424,-0.0928,-3.512,17359.69,7672.9616
2239,000006.SZ,20111212,2.6597,2.6771,2.596,2.6424,2.6597,-0.017300000000000093,-0.6504,20066.53,9121.0638
2240,000006.SZ,20111209,2.6655,2.7003,2.6424,2.6597,2.6713,-0.011600000000000055,-0.4342,22829.52,10514.3724
2241,000006.SZ,20111208,2.7003,2.7119,2.6713,2.6713,2.6887,-0.01739999999999986,-0.6472,18199.74,8449.4195
2242,000006.SZ,20111207,2.6829,2.6945,2.6597,2.6887,2.6655,0.023199999999999665,0.8704,11373.81,5260.4887
2243,000006.SZ,20111206,2.6771,2.7061,2.654,2.6655,2.6771,-0.01159999999999961,-0.4333,14151.75,6546.246
2244,000006.SZ,20111205,2.7467,2.7525,2.6771,2.6771,2.7409,-0.06380000000000008,-2.3277,12250.61,5713.9834
2245,000006.SZ,20111202,2.793,2.793,2.7177,2.7409,2.8046,-0.06370000000000031,-2.2713,13640.48,6463.1518
2246,000006.SZ,20111201,2.7641,2.8452,2.7641,2.8046,2.7003,0.10430000000000028,3.8625,40422.85,19575.6911
2247,000006.SZ,20111130,2.8046,2.8046,2.6655,2.7003,2.8046,-0.10430000000000028,-3.7189,28808.86,13524.6983
2248,000006.SZ,20111129,2.7814,2.8162,2.7756,2.8046,2.7756,0.02900000000000036,1.0448,16656.22,8033.0547
2249,000006.SZ,20111128,2.8046,2.822,2.7293,2.7756,2.8046,-0.02900000000000036,-1.034,26625.18,12717.3247
2250,000006.SZ,20111125,2.8915,2.9031,2.7872,2.8046,2.8915,-0.08689999999999998,-3.0054,33924.73,16659.9005
2251,000006.SZ,20111124,2.8915,2.9437,2.8626,2.8915,2.8915,0.0,0.0,16261.46,8135.5425
2252,000006.SZ,20111123,2.9263,3.0074,2.8799,2.8915,2.9321,-0.04059999999999997,-1.3847,22581.0,11395.993
2253,000006.SZ,20111122,2.8741,2.9379,2.8568,2.9321,2.8915,0.04059999999999997,1.4041,41530.16,20762.8461
2254,000006.SZ,20111121,2.8799,2.9147,2.8741,2.8915,2.8799,0.011600000000000055,0.4028,19723.6,9854.4861
2255,000006.SZ,20111118,2.9379,2.9379,2.8741,2.8799,2.9379,-0.05799999999999983,-1.9742,33295.15,16652.1125
2256,000006.SZ,20111117,2.9669,2.9842,2.9321,2.9379,2.9495,-0.011600000000000055,-0.3933,32981.89,16783.1222
2257,000006.SZ,20111116,3.0422,3.048,2.9321,2.9495,3.048,-0.09850000000000003,-3.2316,35358.22,18232.5757
2258,000006.SZ,20111115,3.0422,3.0596,3.0132,3.048,2.9958,0.052200000000000024,1.7424,35269.1,18489.3251
2259,000006.SZ,20111111,3.019,3.048,2.99,2.9958,3.0248,-0.028999999999999915,-0.9587,19454.97,10130.5888
2260,000006.SZ,20111110,3.0596,3.1117,3.0132,3.0248,3.0828,-0.058000000000000274,-1.8814,33745.3,17709.7714
2261,000006.SZ,20111109,3.0538,3.1233,3.0422,3.0828,3.0654,0.017400000000000304,0.5676,29594.85,15687.4682
2262,000006.SZ,20111108,3.0596,3.0943,3.019,3.0654,3.0712,-0.005800000000000249,-0.1889,36514.65,19245.6662
2263,000006.SZ,20111107,3.1117,3.1349,3.0712,3.0712,3.1117,-0.04049999999999976,-1.3015,28096.29,15048.5115
2264,000006.SZ,20111104,3.1291,3.1581,3.1001,3.1117,3.1175,-0.005800000000000249,-0.186,48882.7,26398.5548
2265,000006.SZ,20111103,3.1059,3.1871,3.1001,3.1175,3.1291,-0.011600000000000055,-0.3707,64530.39,34975.7973
2266,000006.SZ,20111102,3.0422,3.1349,2.9958,3.1291,3.0596,0.06950000000000012,2.2715,49464.73,26132.2729
2267,000006.SZ,20111101,3.0596,3.0943,3.0132,3.0596,3.0828,-0.02320000000000011,-0.7526,36060.94,18967.5211
2268,000006.SZ,20111031,3.1175,3.1233,3.0538,3.0828,3.1233,-0.04049999999999976,-1.2967,53005.47,28165.101
2269,000006.SZ,20111028,3.0654,3.2334,3.048,3.1233,3.0422,0.08110000000000017,2.6658,97059.01,52514.3131
2270,000006.SZ,20111027,2.99,3.0538,2.9785,3.0422,2.99,0.05219999999999958,1.7458,46397.87,24157.5186
2271,000006.SZ,20111026,2.9553,3.048,2.9437,2.99,2.99,0.0,0.0,52202.28,27107.4275
2272,000006.SZ,20111025,2.9553,3.0074,2.8857,2.99,2.9495,0.0405000000000002,1.3731,43220.7,21938.4719
2273,000006.SZ,20111024,2.9321,2.9611,2.851,2.9495,2.9147,0.034800000000000164,1.1939,26549.78,13365.2491
2274,000006.SZ,20111021,2.9147,2.9669,2.9089,2.9147,2.9147,0.0,0.0,16215.59,8205.9811
2275,000006.SZ,20111020,2.9727,2.9727,2.8915,2.9147,2.9842,-0.06950000000000012,-2.3289,23654.11,11898.6245
2276,000006.SZ,20111019,2.9727,2.99,2.9147,2.9842,2.9669,0.017300000000000093,0.5831,21682.44,11041.3996
2277,000006.SZ,20111018,3.0074,3.0538,2.9553,2.9669,3.0364,-0.06950000000000012,-2.2889,29406.52,15218.373
2278,000006.SZ,20111017,3.0654,3.0712,3.0016,3.0364,3.0712,-0.034800000000000164,-1.1331,30737.92,16161.1151
2279,000006.SZ,20111014,3.0422,3.1175,3.019,3.0712,2.9727,0.09850000000000003,3.3135,82695.3,43754.9829
2280,000006.SZ,20111013,2.9785,3.0016,2.9553,2.9727,2.9842,-0.011499999999999844,-0.3854,28382.98,14579.5108
2281,000006.SZ,20111012,2.8684,2.99,2.8568,2.9842,2.8973,0.08689999999999998,2.9993,36330.71,18503.7866
2282,000006.SZ,20111011,2.9263,2.9553,2.8394,2.8973,2.8857,0.011600000000000055,0.402,33411.03,16771.7419
2283,000006.SZ,20111010,2.9321,2.9321,2.8857,2.8857,2.9321,-0.04640000000000022,-1.5825,27313.75,13680.9492
2284,000006.SZ,20110930,2.9089,2.9437,2.9031,2.9321,2.9089,0.02320000000000011,0.7976,18293.88,9223.5523
2285,000006.SZ,20110929,2.9553,2.9842,2.8857,2.9089,2.9785,-0.06959999999999988,-2.3367,28924.02,14674.0394
2286,000006.SZ,20110928,2.9785,2.9842,2.9379,2.9785,2.9785,0.0,0.0,22539.5,11538.5687
2287,000006.SZ,20110927,2.9437,2.9842,2.9089,2.9785,2.9379,0.04059999999999997,1.3819,38692.52,19667.6936
2288,000006.SZ,20110926,2.99,2.99,2.9263,2.9379,2.9842,-0.04630000000000001,-1.5515,33914.59,17319.6584
2289,000006.SZ,20110923,2.9669,3.0016,2.9089,2.9842,2.99,-0.005800000000000249,-0.194,46778.84,23846.1437
2290,000006.SZ,20110922,3.1407,3.1407,2.9842,2.99,3.1407,-0.1506999999999996,-4.7983,46095.14,24322.3485
2291,000006.SZ,20110921,3.0943,3.1581,3.0596,3.1407,3.0943,0.046399999999999775,1.4995,39544.6,21269.764
2292,000006.SZ,20110920,3.0654,3.1001,3.0422,3.0943,3.0712,0.0230999999999999,0.7521,30224.03,15991.7671
2293,000006.SZ,20110919,3.1291,3.1407,3.0654,3.0712,3.1291,-0.05790000000000006,-1.8504,29973.8,16041.2366
2294,000006.SZ,20110916,3.1987,3.1987,3.1233,3.1291,3.1581,-0.028999999999999915,-0.9183,28271.26,15377.1292
2295,000006.SZ,20110915,3.1929,3.2044,3.1349,3.1581,3.1813,-0.023199999999999665,-0.7293,37402.65,20476.4056
2296,000006.SZ,20110914,3.1987,3.2044,3.1349,3.1813,3.1697,0.01159999999999961,0.366,21520.94,11758.2148
2297,000006.SZ,20110913,3.1407,3.1871,3.1001,3.1697,3.1987,-0.028999999999999915,-0.9066,32569.67,17622.968
2298,000006.SZ,20110909,3.1755,3.216,3.1581,3.1987,3.1581,0.04059999999999997,1.2856,59490.37,32764.7958
2299,000006.SZ,20110908,3.1755,3.1929,3.1523,3.1581,3.1697,-0.011600000000000055,-0.366,56800.02,31089.425
2300,000006.SZ,20110907,3.1001,3.1987,3.0943,3.1697,3.1001,0.06960000000000033,2.2451,73797.41,40168.6411
2301,000006.SZ,20110906,3.0596,3.1117,3.0422,3.1001,3.0654,0.03469999999999995,1.132,52566.95,28005.3764
2302,000006.SZ,20110905,3.0886,3.1117,3.0422,3.0654,3.1001,-0.03469999999999995,-1.1193,37980.15,20141.6202
2303,000006.SZ,20110902,3.0943,3.1581,3.0886,3.1001,3.1117,-0.011600000000000055,-0.3728,33990.86,18260.8628
2304,000006.SZ,20110901,3.1581,3.1755,3.0943,3.1117,3.1581,-0.04640000000000022,-1.4692,35849.25,19362.8465
2305,000006.SZ,20110831,3.1175,3.2044,3.0943,3.1581,3.1291,0.028999999999999915,0.9268,34557.79,18815.6438
2306,000006.SZ,20110830,3.1175,3.216,3.1117,3.1291,3.1059,0.02320000000000011,0.747,56003.62,30568.2742
2307,000006.SZ,20110829,3.1755,3.1755,3.0943,3.1059,3.1813,-0.07539999999999969,-2.3701,42844.02,23033.5067
2308,000006.SZ,20110826,3.1755,3.216,3.1349,3.1813,3.1813,0.0,0.0,48896.24,26835.4911
2309,000006.SZ,20110825,3.1059,3.1813,3.0828,3.1813,3.0886,0.09269999999999978,3.0014,64794.28,35254.692
2310,000006.SZ,20110824,3.1465,3.1581,3.0712,3.0886,3.1407,-0.05209999999999981,-1.6589,34405.16,18459.2692
2311,000006.SZ,20110823,3.1001,3.1407,3.0828,3.1407,3.1001,0.04059999999999997,1.3096,27802.56,14960.0557
2312,000006.SZ,20110822,3.0943,3.1175,3.0596,3.1001,3.0943,0.005799999999999805,0.1874,26843.6,14306.9214
2313,000006.SZ,20110819,3.0712,3.1117,3.0596,3.0943,3.1291,-0.034800000000000164,-1.1121,38262.31,20346.6495
2314,000006.SZ,20110818,3.2102,3.2218,3.1059,3.1291,3.2044,-0.07529999999999992,-2.3499,41846.93,22896.3843
2315,000006.SZ,20110817,3.1697,3.2682,3.1407,3.2044,3.1871,0.017300000000000093,0.5428,67515.32,37494.4189
2316,000006.SZ,20110816,3.2566,3.2566,3.1697,3.1871,3.2508,-0.06369999999999987,-1.9595,74681.65,41266.5536
2317,000006.SZ,20110815,3.2276,3.2566,3.1987,3.2508,3.2276,0.02320000000000011,0.7188,76471.12,42700.8125
2318,000006.SZ,20110812,3.1813,3.2624,3.1581,3.2276,3.1813,0.04630000000000001,1.4554,103483.4,57300.5989
2319,000006.SZ,20110811,3.048,3.2218,3.0016,3.1813,3.1059,0.07539999999999969,2.4276,93674.29,50682.3114
2320,000006.SZ,20110810,3.1581,3.1929,3.0943,3.1059,3.1117,-0.005799999999999805,-0.1864,98634.33,53483.6026
2321,000006.SZ,20110809,3.0538,3.1349,2.9437,3.1117,3.1175,-0.005800000000000249,-0.186,79311.82,41867.3774
2322,000006.SZ,20110808,3.2218,3.2566,3.0538,3.1175,3.2856,-0.16809999999999992,-5.1163,70591.38,38404.9479
2323,000006.SZ,20110805,3.274,3.3377,3.2276,3.2856,3.3725,-0.08689999999999998,-2.5767,93162.43,52708.079
2324,000006.SZ,20110804,3.3261,3.4188,3.2914,3.3725,3.3203,0.052200000000000024,1.5721,80308.38,46705.8302
2325,000006.SZ,20110803,3.3319,3.3435,3.2566,3.3203,3.3551,-0.034800000000000164,-1.0372,61595.27,35036.6402
2326,000006.SZ,20110802,3.3609,3.3841,3.3261,3.3551,3.3551,0.0,0.0,48422.71,28035.8921
2327,000006.SZ,20110801,3.3493,3.4015,3.3261,3.3551,3.3493,0.005800000000000249,0.1732,39471.04,22915.9768
2328,000006.SZ,20110729,3.3667,3.4131,3.3319,3.3493,3.3957,-0.04640000000000022,-1.3664,60989.51,35407.6449
2329,000006.SZ,20110728,3.2682,3.4536,3.2624,3.3957,3.2856,0.11010000000000009,3.351,149919.78,87679.6168
2330,000006.SZ,20110727,3.2566,3.2914,3.2218,3.2856,3.2624,0.02320000000000011,0.7111,47250.56,26603.8375
2331,000006.SZ,20110726,3.2276,3.2798,3.1929,3.2624,3.2276,0.034800000000000164,1.0782,50400.43,28136.7584
2332,000006.SZ,20110725,3.3609,3.3609,3.1813,3.2276,3.3899,-0.1623000000000001,-4.7878,81723.38,46101.7386
2333,000006.SZ,20110722,3.3667,3.4188,3.3377,3.3899,3.3899,0.0,0.0,71213.88,41417.9272
2334,000006.SZ,20110721,3.4942,3.5463,3.3899,3.3899,3.4131,-0.02320000000000011,-0.6797,112707.08,67392.475
2335,000006.SZ,20110720,3.4362,3.4594,3.3725,3.4131,3.4304,-0.017300000000000093,-0.5043,62655.11,36907.7384
2336,000006.SZ,20110719,3.4536,3.4652,3.3957,3.4304,3.471,-0.04059999999999997,-1.1697,66960.31,39637.3978
2337,000006.SZ,20110718,3.4246,3.4942,3.3899,3.471,3.4478,0.02320000000000011,0.6729,121859.21,72547.7111
2338,000006.SZ,20110715,3.5116,3.5116,3.4073,3.4478,3.5,-0.052200000000000024,-1.4914,117592.18,69732.3807
2339,000006.SZ,20110714,3.4073,3.5405,3.0712,3.5,3.4131,0.08689999999999998,2.5461,189132.48,113988.5742
2340,000006.SZ,20110713,3.3899,3.4304,3.3435,3.4131,3.3957,0.01739999999999986,0.5124,72735.8,42736.9548
2341,000006.SZ,20110712,3.4015,3.4362,3.3725,3.3957,3.4304,-0.03469999999999995,-1.0115,60563.92,35474.9027
2342,000006.SZ,20110711,3.3899,3.4594,3.3551,3.4304,3.3899,0.0405000000000002,1.1947,80284.62,47393.7579
2343,000006.SZ,20110708,3.4188,3.4478,3.3667,3.3899,3.3957,-0.005800000000000249,-0.1708,47118.31,27585.5199
2344,000006.SZ,20110707,3.4594,3.5,3.3899,3.3957,3.4652,-0.06949999999999967,-2.0057,97341.04,57745.7379
2345,000006.SZ,20110706,3.471,3.4826,3.4304,3.4652,3.4942,-0.02900000000000036,-0.8299,110980.42,66206.8207
2346,000006.SZ,20110705,3.4188,3.5637,3.3957,3.4942,3.4131,0.08110000000000017,2.3761,206016.08,124610.1858
2347,000006.SZ,20110704,3.3841,3.4246,3.3783,3.4131,3.3725,0.04059999999999997,1.2039,90707.35,53317.9903
2348,000006.SZ,20110701,3.3899,3.4304,3.3435,3.3725,3.3667,0.005800000000000249,0.1723,91705.11,53792.199
2349,000006.SZ,20110630,3.303,3.4188,3.2914,3.3667,3.303,0.06369999999999987,1.9285,90868.96,52810.6121
2350,000006.SZ,20110629,3.4015,3.4073,3.303,3.303,3.3899,-0.08689999999999998,-2.5635,103842.89,60001.5739
2351,000006.SZ,20110628,3.3957,3.4304,3.3377,3.3899,3.4188,-0.028900000000000148,-0.8453,104932.25,61343.1308
2352,000006.SZ,20110627,3.3957,3.442,3.3609,3.4188,3.4304,-0.011600000000000055,-0.3382,156448.06,91764.9317
2353,000006.SZ,20110624,3.4536,3.5289,3.3957,3.4304,3.3435,0.08689999999999998,2.5991,324279.03,193124.366
2354,000006.SZ,20110623,3.1639,3.3609,3.1581,3.3435,3.1871,0.1564000000000001,4.9073,172987.46,98228.1247
2355,000006.SZ,20110622,3.2334,3.2334,3.1523,3.1871,3.245,-0.05790000000000006,-1.7843,68049.27,37441.645
2356,000006.SZ,20110621,3.0596,3.3435,3.0596,3.245,3.077,0.16800000000000015,5.4599,141126.65,78350.5653
2357,000006.SZ,20110620,3.0596,3.0943,3.0422,3.077,3.048,0.028999999999999915,0.9514,41866.83,22166.6119
2358,000006.SZ,20110617,3.0596,3.1117,3.0422,3.048,3.0712,-0.02320000000000011,-0.7554,30415.53,16182.4065
2359,000006.SZ,20110616,3.1581,3.1755,3.0538,3.0712,3.1871,-0.11589999999999989,-3.6365,59658.89,32085.3587
2360,000006.SZ,20110615,3.2334,3.245,3.1755,3.1871,3.2218,-0.03469999999999995,-1.077,55606.2,30807.4918
2361,000006.SZ,20110614,3.1755,3.2914,3.1755,3.2218,3.1755,0.04630000000000001,1.458,93422.29,52185.395
2362,000006.SZ,20110613,3.171,3.1887,3.1312,3.1754,3.1931,-0.01770000000000005,-0.5543,31715.65,22685.9443
2363,000006.SZ,20110610,3.1754,3.2241,3.1445,3.1931,3.1622,0.030899999999999928,0.9772,50374.57,36203.1339
2364,000006.SZ,20110609,3.2595,3.2772,3.1578,3.1622,3.2418,-0.07960000000000012,-2.4554,50602.64,36644.0932
2365,000006.SZ,20110608,3.1887,3.2595,3.1578,3.2418,3.2197,0.02210000000000001,0.6864,77118.31,56103.4213
2366,000006.SZ,20110607,3.1091,3.2374,3.1091,3.2197,3.1401,0.07960000000000012,2.535,57735.09,41498.9914
2367,000006.SZ,20110603,3.1003,3.1578,3.0914,3.1401,3.0958,0.044299999999999784,1.431,36083.34,25579.5124
2368,000006.SZ,20110602,3.1179,3.1445,3.0428,3.0958,3.1533,-0.05750000000000011,-1.8235,51062.02,35693.9573
2369,000006.SZ,20110601,3.1003,3.171,3.0958,3.1533,3.1179,0.0354000000000001,1.1354,49641.41,35244.5411
2370,000006.SZ,20110531,3.0516,3.1179,3.0162,3.1179,3.0383,0.07960000000000012,2.6199,45485.05,31604.3519
2371,000006.SZ,20110530,3.1401,3.1401,3.0295,3.0383,3.1401,-0.10179999999999989,-3.2419,60902.86,42455.1582
2372,000006.SZ,20110527,3.1356,3.2064,3.1356,3.1401,3.1754,-0.03529999999999989,-1.1117,61000.64,43595.63
2373,000006.SZ,20110526,3.2418,3.2639,3.1754,3.1754,3.2285,-0.05310000000000015,-1.6447,92439.36,67215.9279
2374,000006.SZ,20110525,3.3479,3.3568,3.202,3.2285,3.3612,-0.13270000000000026,-3.948,126574.69,93448.6089
2375,000006.SZ,20110524,3.3302,3.3833,3.2993,3.3612,3.3391,0.02210000000000001,0.6619,94843.64,71578.1625
2376,000006.SZ,20110523,3.4806,3.4939,3.3391,3.3391,3.5204,-0.1812999999999998,-5.15,138229.08,106078.3432
2377,000006.SZ,20110520,3.6,3.684,3.4983,3.5204,3.6089,-0.08850000000000025,-2.4523,123637.44,99753.6615
2378,000006.SZ,20110519,3.6708,3.7283,3.5912,3.6089,3.7062,-0.09729999999999972,-2.6253,131391.64,108402.4061
2379,000006.SZ,20110518,3.6133,3.7725,3.5823,3.7062,3.6265,0.07969999999999988,2.1977,200102.53,166337.9082
2380,000006.SZ,20110517,3.631,3.8256,3.6133,3.6265,3.6796,-0.05310000000000015,-1.4431,325372.46,273749.6591
2381,000006.SZ,20110516,3.5027,3.715,3.4718,3.6796,3.4939,0.1857000000000002,5.315,371784.57,305134.9402
2382,000006.SZ,20110513,3.3877,3.5027,3.3877,3.4939,3.3833,0.11059999999999981,3.269,95178.46,74333.5859
2383,000006.SZ,20110512,3.4231,3.4983,3.3789,3.3833,3.4585,-0.07519999999999971,-2.1744,91343.86,71274.3186
2384,000006.SZ,20110511,3.4143,3.516,3.3612,3.4585,3.4231,0.0354000000000001,1.0342,121877.56,95247.2485
2385,000006.SZ,20110510,3.3966,3.4275,3.3302,3.4231,3.3877,0.035399999999999654,1.045,57539.44,43987.1883
2386,000006.SZ,20110509,3.3921,3.4098,3.3789,3.3877,3.3833,0.0043999999999999595,0.1301,37861.2,29054.3656
2387,000006.SZ,20110506,3.3391,3.4231,3.2993,3.3833,3.3833,0.0,0.0,63846.48,48533.516
2388,000006.SZ,20110505,3.3214,3.4496,3.3125,3.3833,3.3435,0.03980000000000006,1.1904,80971.24,61867.5492
2389,000006.SZ,20110504,3.4364,3.4364,3.317,3.3435,3.4496,-0.10610000000000008,-3.0757,75395.26,57586.0172
2390,000006.SZ,20110503,3.4275,3.4585,3.3656,3.4496,3.4364,0.013200000000000323,0.3841,60392.21,46775.1902
2391,000006.SZ,20110429,3.3745,3.4364,3.3745,3.4364,3.3745,0.061900000000000066,1.8343,43835.46,33856.8477
2392,000006.SZ,20110428,3.4541,3.4806,3.3612,3.3745,3.4541,-0.07960000000000012,-2.3045,69337.28,53786.3102
2393,000006.SZ,20110427,3.5204,3.5337,3.4143,3.4541,3.5204,-0.06630000000000003,-1.8833,78295.1,61435.5254
2394,000006.SZ,20110426,3.4939,3.5337,3.4762,3.5204,3.5027,0.01770000000000005,0.5053,53722.16,42606.6667
2395,000006.SZ,20110425,3.6664,3.6708,3.4983,3.5027,3.6664,-0.16369999999999996,-4.4649,148571.08,119639.5576
2396,000006.SZ,20110422,3.6619,3.7283,3.6265,3.6664,3.6708,-0.0043999999999999595,-0.1199,101899.14,84917.7634
2397,000006.SZ,20110420,3.7238,3.7504,3.6575,3.6708,3.7062,-0.0354000000000001,-0.9552,117847.82,98337.2859
2398,000006.SZ,20110419,3.7592,3.7681,3.6531,3.7062,3.7858,-0.07960000000000012,-2.1026,165447.57,138756.403
2399,000006.SZ,20110418,3.6973,3.799,3.6885,3.7858,3.7327,0.05310000000000015,1.4226,179011.77,152353.8163
2400,000006.SZ,20110415,3.631,3.7592,3.631,3.7327,3.6531,0.07960000000000012,2.179,144939.78,121126.4741
2401,000006.SZ,20110414,3.6619,3.6796,3.631,3.6531,3.6664,-0.01330000000000009,-0.3628,108221.0,89508.5451
2402,000006.SZ,20110413,3.6133,3.684,3.5602,3.6664,3.631,0.0354000000000001,0.9749,121455.06,99570.0032
2403,000006.SZ,20110412,3.6044,3.6752,3.5912,3.631,3.6265,0.0044999999999997264,0.1241,139135.19,114610.5054
2404,000006.SZ,20110411,3.7902,3.8035,3.6177,3.6265,3.7858,-0.1593,-4.2078,247623.12,206372.3915
2405,000006.SZ,20110408,3.7238,3.83,3.7238,3.7858,3.7548,0.03100000000000014,0.8256,192060.25,163619.9285
2406,000006.SZ,20110407,3.7902,3.7902,3.6885,3.7548,3.7946,-0.03980000000000006,-1.0489,212768.71,180003.3287
2407,000006.SZ,20110406,3.5514,3.8698,3.5514,3.7946,3.6221,0.17249999999999988,4.7624,478060.33,404234.2196
2408,000006.SZ,20110401,3.5293,3.7548,3.5293,3.6221,3.4673,0.15480000000000027,4.4646,389704.95,321410.3967
2409,000006.SZ,20110331,3.5381,3.6089,3.4585,3.4673,3.516,-0.04870000000000019,-1.3851,231599.23,185244.9024
2410,000006.SZ,20110330,3.4939,3.5381,3.4187,3.516,3.4939,0.02210000000000001,0.6325,163786.65,128644.3313
2411,000006.SZ,20110329,3.4541,3.5425,3.3966,3.4939,3.4408,0.05310000000000015,1.5432,241561.6,190208.7313
2412,000006.SZ,20110328,3.5071,3.5691,3.4143,3.4408,3.4939,-0.05310000000000015,-1.5198,226899.93,179073.5589
2413,000006.SZ,20110325,3.4894,3.5381,3.4496,3.4939,3.4408,0.05310000000000015,1.5432,193410.98,152988.4173
2414,000006.SZ,20110324,3.4673,3.5116,3.4231,3.4408,3.4629,-0.02210000000000001,-0.6382,168106.31,131505.3976
2415,000006.SZ,20110323,3.3966,3.5027,3.3745,3.4629,3.401,0.061900000000000066,1.8201,215621.49,168496.8784
2416,000006.SZ,20110322,3.3877,3.4187,3.3435,3.401,3.3745,0.026499999999999968,0.7853,142736.56,109408.0817
2417,000006.SZ,20110321,3.3081,3.3877,3.2772,3.3745,3.317,0.05749999999999966,1.7335,158107.34,119651.3909
2418,000006.SZ,20110318,3.3037,3.3435,3.2772,3.317,3.2727,0.04430000000000023,1.3536,115354.08,86516.1225
2419,000006.SZ,20110317,3.2727,3.3479,3.2418,3.2727,3.3125,-0.03980000000000006,-1.2015,128526.72,95568.2013
2420,000006.SZ,20110316,3.2816,3.3391,3.2772,3.3125,3.2904,0.02210000000000001,0.6717,113360.88,84853.8377
2421,000006.SZ,20110315,3.3745,3.3966,3.2506,3.2904,3.3656,-0.07520000000000016,-2.2344,179019.43,134011.3165
2422,000006.SZ,20110314,3.3921,3.4231,3.3435,3.3656,3.3877,-0.02210000000000001,-0.6524,140945.16,107394.1674
2423,000006.SZ,20110311,3.4496,3.5293,3.3833,3.3877,3.4939,-0.10619999999999985,-3.0396,270521.88,211528.1038
2424,000006.SZ,20110310,3.37,3.6177,3.3391,3.4939,3.3523,0.14159999999999995,4.224,523060.2,414188.3386
2425,000006.SZ,20110309,3.4054,3.4098,3.3302,3.3523,3.4231,-0.07079999999999975,-2.0683,161663.03,122922.4707
2426,000006.SZ,20110308,3.4143,3.4496,3.37,3.4231,3.3921,0.030999999999999694,0.9139,168195.75,129446.0274
2427,000006.SZ,20110307,3.4496,3.485,3.3745,3.3921,3.4231,-0.030999999999999694,-0.9056,263976.42,203813.9308
2428,000006.SZ,20110304,3.3745,3.4496,3.317,3.4231,3.3612,0.06189999999999962,1.8416,249380.74,191408.0555
2429,000006.SZ,20110303,3.3347,3.4187,3.2949,3.3612,3.3479,0.01330000000000009,0.3973,313836.78,238564.6035
2430,000006.SZ,20110302,3.2285,3.4275,3.1799,3.3479,3.2595,0.08840000000000003,2.7121,294719.02,219279.7593
2431,000006.SZ,20110301,3.1976,3.2904,3.1843,3.2595,3.1931,0.06640000000000024,2.0795,235640.04,173122.0944
2432,000006.SZ,20110228,3.1931,3.2064,3.1401,3.1931,3.1887,0.0043999999999999595,0.138,109275.83,78386.84
2433,000006.SZ,20110225,3.2197,3.2374,3.1666,3.1887,3.2285,-0.03980000000000006,-1.2328,109621.86,79016.2698
2434,000006.SZ,20110224,3.1887,3.2418,3.1666,3.2285,3.1843,0.04420000000000002,1.3881,92189.83,66967.3925
2435,000006.SZ,20110223,3.171,3.2108,3.1622,3.1843,3.1799,0.0043999999999999595,0.1384,98257.46,70807.9866
2436,000006.SZ,20110222,3.3391,3.3568,3.171,3.1799,3.3125,-0.13260000000000005,-4.003,173980.44,127188.6102
2437,000006.SZ,20110221,3.3081,3.3258,3.2329,3.3125,3.3258,-0.01330000000000009,-0.3999,187980.13,139456.6813
2438,000006.SZ,20110218,3.2949,3.3612,3.255,3.3258,3.2904,0.0354000000000001,1.0759,205458.53,153902.4465
2439,000006.SZ,20110217,3.2993,3.3435,3.2329,3.2904,3.2816,0.008799999999999919,0.2682,145492.32,107771.7139
2440,000006.SZ,20110216,3.2595,3.2993,3.2152,3.2816,3.2727,0.00890000000000013,0.2719,151708.77,111847.9452
2441,000006.SZ,20110215,3.2727,3.3523,3.2329,3.2727,3.2772,-0.0045000000000001705,-0.1373,213590.63,158605.7001
2442,000006.SZ,20110214,3.1931,3.2993,3.1931,3.2772,3.2285,0.04870000000000019,1.5084,203858.14,150077.0254
2443,000006.SZ,20110211,3.1445,3.2595,3.1179,3.2285,3.1578,0.07069999999999999,2.2389,224808.29,162209.1538
2444,000006.SZ,20110210,3.0958,3.1622,3.087,3.1578,3.0958,0.06199999999999983,2.0027,128420.16,90676.3931
2445,000006.SZ,20110209,3.1401,3.1445,3.0737,3.0958,3.1754,-0.07959999999999967,-2.5068,130094.41,91450.9026
2446,000006.SZ,20110201,3.1622,3.1843,3.1356,3.1754,3.1445,0.030899999999999928,0.9827,82883.83,59220.0792
2447,000006.SZ,20110131,3.1622,3.1666,3.1091,3.1445,3.1666,-0.02210000000000001,-0.6979,102869.04,72998.513
2448,000006.SZ,20110128,3.1356,3.2108,3.1224,3.1666,3.1533,0.013299999999999645,0.4218,103525.76,73930.2739
2449,000006.SZ,20110127,3.1356,3.1887,3.0605,3.1533,3.2197,-0.06639999999999979,-2.0623,156305.52,110640.9835
2450,000006.SZ,20110126,3.202,3.2462,3.1622,3.2197,3.2241,-0.0043999999999999595,-0.1365,94484.81,68388.7766
2451,000006.SZ,20110125,3.2108,3.2727,3.1754,3.2241,3.1931,0.03100000000000014,0.9708,90144.85,65529.2634
2452,000006.SZ,20110124,3.2285,3.286,3.1401,3.1931,3.2418,-0.04870000000000019,-1.5023,121481.01,88160.5572
2453,000006.SZ,20110121,3.1003,3.3745,3.1003,3.2418,3.2374,0.0043999999999999595,0.1359,197160.93,144178.9899
2454,000006.SZ,20110119,3.1976,3.2595,3.1179,3.2374,3.1754,0.06200000000000028,1.9525,147682.5,106807.7715
2455,000006.SZ,20110118,3.1799,3.2506,3.1445,3.1754,3.1622,0.013199999999999878,0.4174,123587.0,89285.4282
2456,000006.SZ,20110117,3.4187,3.4408,3.1047,3.1622,3.4496,-0.2874000000000003,-8.3314,265653.81,194958.8375
2457,000006.SZ,20110114,3.4541,3.5027,3.3656,3.4496,3.5116,-0.06199999999999983,-1.7656,222880.4,173037.0331
2458,000006.SZ,20110113,3.5381,3.6442,3.4806,3.5116,3.5337,-0.02210000000000001,-0.6254,332256.93,267432.105
2459,000006.SZ,20110112,3.5469,3.5956,3.4541,3.5337,3.5469,-0.013199999999999878,-0.3722,447900.66,357063.6413
2460,000006.SZ,20110111,3.2595,3.5469,3.2108,3.5469,3.2241,0.3228,10.0121,685508.69,540941.9584
2461,000006.SZ,20110110,3.286,3.401,3.1799,3.2241,3.3435,-0.11940000000000017,-3.5711,175909.69,130697.0251
2462,000006.SZ,20110107,3.2108,3.4939,3.2064,3.3435,3.2108,0.13270000000000026,4.1329,307700.18,234490.0292
2463,000006.SZ,20110106,3.2064,3.2816,3.1843,3.2108,3.1976,0.013199999999999878,0.4128,104988.08,76679.4334
2464,000006.SZ,20110105,3.1887,3.2462,3.1489,3.1976,3.2152,-0.017599999999999838,-0.5474,95210.05,68776.4377
2465,000006.SZ,20110104,3.1179,3.2949,3.0781,3.2152,3.0826,0.13260000000000005,4.3016,165766.02,119938.1236
2466,000006.SZ,20101231,3.0693,3.0958,3.0339,3.0826,3.0428,0.03979999999999961,1.308,95230.31,66010.9784
2467,000006.SZ,20101230,3.1179,3.1179,3.0074,3.0428,3.1224,-0.07959999999999967,-2.5493,108554.88,74920.5879
2468,000006.SZ,20101229,3.0737,3.1445,3.0649,3.1224,3.0649,0.05749999999999966,1.8761,83969.62,59049.0542
2469,000006.SZ,20101228,3.1843,3.2595,3.0649,3.0649,3.2197,-0.15479999999999983,-4.8079,130735.34,92906.3974
2470,000006.SZ,20101227,3.3214,3.37,3.1622,3.2197,3.3789,-0.1591999999999998,-4.7116,218447.5,161881.2672
2471,000006.SZ,20101224,3.3125,3.4408,3.2639,3.3789,3.3568,0.02210000000000001,0.6584,280019.18,214583.9338
2472,000006.SZ,20101223,3.3125,3.4408,3.2683,3.3568,3.2904,0.06639999999999979,2.018,268610.91,205098.4379
2473,000006.SZ,20101222,3.3568,3.432,3.2595,3.2904,3.3921,-0.10170000000000012,-2.9981,228052.88,172463.5197
2474,000006.SZ,20101221,3.2241,3.432,3.2064,3.3921,3.2064,0.1857000000000002,5.7915,360746.17,271991.4031
2475,000006.SZ,20101220,3.3391,3.3656,3.1312,3.2064,3.3435,-0.13710000000000022,-4.1005,235004.45,172618.306
2476,000006.SZ,20101217,3.3745,3.4054,3.317,3.3435,3.3789,-0.035399999999999654,-1.0477,177468.57,134580.6648
2477,000006.SZ,20101216,3.3258,3.4231,3.317,3.3789,3.3435,0.035399999999999654,1.0588,241309.12,184230.2294
2478,000006.SZ,20101215,3.3921,3.4408,3.3302,3.3435,3.432,-0.0884999999999998,-2.5787,280345.64,214945.9872
2479,000006.SZ,20101214,3.3966,3.4718,3.317,3.432,3.4054,0.026599999999999735,0.7811,468807.4,359135.0024
2480,000006.SZ,20101213,3.3877,3.4364,3.3523,3.4054,3.3656,0.03980000000000006,1.1826,353753.23,271370.2661
2481,000006.SZ,20101210,3.3745,3.4364,3.3258,3.3656,3.4098,-0.04420000000000002,-1.2963,294791.11,224856.7751
2482,000006.SZ,20101209,3.5779,3.6221,3.3966,3.4098,3.6708,-0.2609999999999997,-7.1102,493981.53,389086.0913
2483,000006.SZ,20101208,4.0202,4.0379,3.6133,3.6708,4.0157,-0.3449,-8.5888,950189.94,806085.3944
2484,000006.SZ,20101207,3.799,4.0157,3.7327,4.0157,3.6487,0.367,10.0584,985396.67,885227.7873
2485,000006.SZ,20101206,3.5204,3.7017,3.4496,3.6487,3.5116,0.13709999999999978,3.9042,511591.98,418556.8415
2486,000006.SZ,20101203,3.2418,3.516,3.2197,3.5116,3.2329,0.27870000000000017,8.6207,394178.89,303611.6101
2487,000006.SZ,20101202,3.2285,3.3037,3.2108,3.2329,3.2329,0.0,0.0,111325.53,81922.2256
2488,000006.SZ,20101201,3.0428,3.317,3.0162,3.2329,3.0428,0.1900999999999997,6.2475,200853.46,146849.2413
2489,000006.SZ,20101130,3.1533,3.1887,2.9985,3.0428,3.1533,-0.11050000000000004,-3.5043,90204.17,62875.5274
2490,000006.SZ,20101129,3.1445,3.1799,3.1091,3.1533,3.1445,0.008800000000000363,0.2799,57014.74,40767.3883
2491,000006.SZ,20101126,3.2152,3.2418,3.1224,3.1445,3.2374,-0.0929000000000002,-2.8696,86672.99,62057.2089
2492,000006.SZ,20101125,3.1931,3.2993,3.171,3.2374,3.2108,0.02660000000000018,0.8285,131653.74,96563.9525
2493,000006.SZ,20101124,3.202,3.2241,3.1533,3.2108,3.2285,-0.01770000000000005,-0.5482,99290.65,71654.1189
2494,000006.SZ,20101123,3.1533,3.2374,3.1135,3.2285,3.1445,0.08400000000000007,2.6713,173793.77,125202.214
2495,000006.SZ,20101122,3.1091,3.1843,3.0649,3.1445,3.1356,0.008899999999999686,0.2838,89933.75,63669.3114
2496,000006.SZ,20101119,3.1754,3.1799,3.0605,3.1356,3.1578,-0.022199999999999775,-0.703,92261.3,64903.0073
2497,000006.SZ,20101118,3.1931,3.2064,3.0693,3.1578,3.1666,-0.008799999999999919,-0.2779,124411.59,88338.9698
2498,000006.SZ,20101117,3.0295,3.2595,2.9764,3.1666,2.9985,0.16809999999999992,5.6061,240837.52,170779.3965
2499,000006.SZ,20101116,3.0339,3.1091,2.9764,2.9985,3.0339,-0.0354000000000001,-1.1668,198595.7,137076.5418
2500,000006.SZ,20101115,3.0737,3.0737,2.9632,3.0339,2.9897,0.04420000000000002,1.4784,134594.83,91464.3242
2501,000006.SZ,20101112,3.2727,3.2727,2.9676,2.9897,3.2683,-0.27859999999999996,-8.5243,224021.12,159136.8349
2502,000006.SZ,20101111,3.255,3.3523,3.2418,3.2683,3.2727,-0.0043999999999999595,-0.1344,165850.24,123461.1908
2503,000006.SZ,20101110,3.3966,3.3966,3.2418,3.2727,3.3921,-0.11940000000000017,-3.5199,169412.96,126181.6449
2504,000006.SZ,20101109,3.485,3.485,3.37,3.3921,3.4939,-0.10179999999999989,-2.9136,191444.45,147440.1011
2505,000006.SZ,20101108,3.3789,3.5204,3.3523,3.4939,3.3612,0.13269999999999982,3.948,334128.6,259424.9958
2506,000006.SZ,20101105,3.2993,3.3833,3.2506,3.3612,3.2816,0.07960000000000012,2.4256,207285.9,155166.5012
2507,000006.SZ,20101104,3.2683,3.2949,3.2329,3.2816,3.2816,0.0,0.0,131951.3,97244.5393
2508,000006.SZ,20101103,3.2639,3.3302,3.2285,3.2816,3.2639,0.01770000000000005,0.5423,137221.73,102153.6314
2509,000006.SZ,20101101,3.2506,3.286,3.2064,3.2639,3.2241,0.03980000000000006,1.2345,109902.6,80878.9892
2510,000006.SZ,20101029,3.2993,3.3258,3.1887,3.2241,3.286,-0.061900000000000066,-1.8837,122949.23,89672.657
2511,000006.SZ,20101028,3.3347,3.3833,3.2772,3.286,3.3391,-0.05310000000000015,-1.5902,116282.31,87264.6475
2512,000006.SZ,20101027,3.3214,3.4673,3.3081,3.3391,3.3214,0.01770000000000005,0.5329,182991.79,140114.0303
2513,000006.SZ,20101026,3.2949,3.3833,3.2727,3.3214,3.2949,0.026499999999999968,0.8043,172769.35,129926.5019
2514,000006.SZ,20101025,3.2816,3.3037,3.2285,3.2949,3.2772,0.01770000000000005,0.5401,178067.52,131691.5515
2515,000006.SZ,20101022,3.2904,3.3258,3.2595,3.2772,3.2949,-0.01770000000000005,-0.5372,104202.15,77344.8284
2516,000006.SZ,20101021,3.401,3.4408,3.2727,3.2949,3.3833,-0.08840000000000003,-2.6128,157358.75,118790.181
2517,000006.SZ,20101020,3.4408,3.4762,3.3435,3.3833,3.5779,-0.19459999999999988,-5.4389,176928.65,135894.3279
2518,000006.SZ,20101019,3.6398,3.6708,3.4983,3.5779,3.6089,-0.03100000000000014,-0.859,158400.32,127479.8129
2519,000006.SZ,20101018,3.4408,3.6221,3.4054,3.6089,3.4585,0.1504000000000003,4.3487,307846.48,247257.6989
2520,000006.SZ,20101015,3.4187,3.4894,3.3302,3.4585,3.4187,0.03980000000000006,1.1642,128459.55,99142.7418
2521,000006.SZ,20101014,3.5823,3.6,3.3921,3.4187,3.5558,-0.13710000000000022,-3.8557,186224.47,146717.7842
2522,000006.SZ,20101013,3.3656,3.5912,3.3523,3.5558,3.3833,0.17249999999999988,5.0986,269053.67,214577.6748
2523,000006.SZ,20101012,3.3612,3.4496,3.3125,3.3833,3.3966,-0.013299999999999645,-0.3916,134099.76,102617.0219
2524,000006.SZ,20101011,3.4894,3.6354,3.3745,3.3966,3.3081,0.0884999999999998,2.6753,231288.46,180654.611
2525,000006.SZ,20101008,3.2462,3.3258,3.1931,3.3081,3.2683,0.03980000000000006,1.2178,171265.5,126485.3036
2526,000006.SZ,20100930,3.1312,3.3347,3.1224,3.2683,3.1976,0.07069999999999999,2.211,190283.14,140396.9693
2527,000006.SZ,20100929,3.1179,3.2108,3.056,3.1976,3.1356,0.06199999999999983,1.9773,173949.19,124180.8514
2528,000006.SZ,20100928,3.1401,3.2064,3.087,3.1356,3.1754,-0.03979999999999961,-1.2534,111520.07,79120.917
2529,000006.SZ,20100927,3.171,3.1843,3.0516,3.1754,3.171,0.0043999999999999595,0.1388,123035.45,86605.4486
2530,000006.SZ,20100921,3.1533,3.2285,3.1445,3.171,3.1533,0.017699999999999605,0.5613,75206.74,54205.2208
2531,000006.SZ,20100920,3.3302,3.3391,3.1445,3.1533,3.3479,-0.19459999999999988,-5.8126,175813.87,127924.264
2532,000006.SZ,20100917,3.3037,3.3789,3.2727,3.3479,3.2462,0.10170000000000012,3.1329,153845.86,115978.1839
2533,000006.SZ,20100916,3.2683,3.3833,3.2108,3.2462,3.286,-0.03980000000000006,-1.2112,144978.87,107341.7574
2534,000006.SZ,20100915,3.317,3.3479,3.2727,3.286,3.3347,-0.04870000000000019,-1.4604,115424.85,86392.6226
2535,000006.SZ,20100914,3.317,3.3435,3.2727,3.3347,3.3347,0.0,0.0,163330.97,122417.1593
2536,000006.SZ,20100913,3.2639,3.3921,3.2506,3.3347,3.2727,0.06200000000000028,1.8945,248193.29,186689.8391
2537,000006.SZ,20100910,3.4054,3.4187,3.2108,3.2727,3.4541,-0.1814,-5.2517,388844.09,291056.1358
2538,000006.SZ,20100909,3.5779,3.6619,3.4364,3.4541,3.5823,-0.1282000000000001,-3.5787,321982.2,260258.8392
2539,000006.SZ,20100908,3.5956,3.6487,3.5558,3.5823,3.6221,-0.03980000000000006,-1.0988,217321.06,176437.0097
2540,000006.SZ,20100907,3.5823,3.6398,3.5558,3.6221,3.6044,0.01770000000000005,0.4911,168910.07,137587.1903
2541,000006.SZ,20100906,3.5735,3.6708,3.5204,3.6044,3.5646,0.03980000000000006,1.1165,281327.66,229603.1356
2542,000006.SZ,20100903,3.6,3.6265,3.5204,3.5646,3.6089,-0.04430000000000023,-1.2275,252817.48,203371.3655
2543,000006.SZ,20100902,3.715,3.715,3.5823,3.6089,3.7106,-0.10169999999999968,-2.7408,358753.31,294284.8549
2544,000006.SZ,20100901,3.631,3.8035,3.5602,3.7106,3.6177,0.09289999999999976,2.5679,520761.87,435468.3007
2545,000006.SZ,20100831,3.5912,3.6752,3.5602,3.6177,3.6265,-0.008799999999999919,-0.2427,235455.18,192298.2074
2546,000006.SZ,20100830,3.5735,3.6575,3.5204,3.6265,3.5293,0.09719999999999995,2.7541,225215.61,182749.0273
2547,000006.SZ,20100827,3.5779,3.6,3.5116,3.5293,3.5779,-0.04859999999999998,-1.3583,144567.34,115729.9285
2548,000006.SZ,20100826,3.5469,3.5912,3.5071,3.5779,3.5514,0.026499999999999968,0.7462,210889.94,169018.9693
2549,000006.SZ,20100825,3.6708,3.6973,3.5425,3.5514,3.7194,-0.1679999999999997,-4.5169,246609.07,201111.8431
2550,000006.SZ,20100824,3.6398,3.8344,3.5381,3.7194,3.6221,0.09729999999999972,2.6863,424988.41,355973.4015
2551,000006.SZ,20100823,3.6752,3.7371,3.5779,3.6221,3.6133,0.008799999999999919,0.2435,230601.14,190212.626
2552,000006.SZ,20100820,3.6973,3.7371,3.5381,3.6133,3.7062,-0.09289999999999976,-2.5066,294760.18,242276.5699
2553,000006.SZ,20100819,3.7592,3.8035,3.6796,3.7062,3.715,-0.008799999999999919,-0.2369,291440.57,246787.12
2554,000006.SZ,20100818,3.7592,3.7725,3.6487,3.715,3.7592,-0.04420000000000002,-1.1758,283141.06,237528.1844
2555,000006.SZ,20100817,3.715,3.8919,3.6796,3.7592,3.715,0.04420000000000002,1.1898,504082.36,431847.53
2556,000006.SZ,20100816,3.6354,3.7725,3.6,3.715,3.684,0.030999999999999694,0.8415,488865.49,407327.9829
2557,000006.SZ,20100813,3.6664,3.715,3.6177,3.684,3.6752,0.008800000000000363,0.2394,365837.55,303660.6442
2558,000006.SZ,20100812,3.5337,3.6752,3.516,3.6752,3.5691,0.10609999999999964,2.9727,626285.54,511965.7832
2559,000006.SZ,20100811,3.5602,3.6,3.5116,3.5691,3.6089,-0.03980000000000006,-1.1028,557174.93,447737.4939
2560,000006.SZ,20100810,3.9229,4.0113,3.5956,3.6089,3.9184,-0.3094999999999999,-7.8986,817842.37,711943.5295
2561,000006.SZ,20100809,3.9406,4.029,3.8654,3.9184,3.9582,-0.03980000000000006,-1.0055,582229.21,515865.7644
2562,000006.SZ,20100806,3.9008,4.0025,3.8388,3.9582,3.9361,0.02210000000000001,0.5615,599757.65,531712.7129
2563,000006.SZ,20100805,3.8963,4.0202,3.8565,3.9361,3.8963,0.03980000000000006,1.0215,568723.56,504718.3746
2564,000006.SZ,20100804,3.9096,4.0113,3.8123,3.8963,3.9494,-0.0530999999999997,-1.3445,515826.86,453551.8029
2565,000006.SZ,20100803,3.9184,4.0246,3.8742,3.9494,3.9582,-0.008800000000000363,-0.2223,649943.39,580970.9982
2566,000006.SZ,20100802,3.9494,3.9936,3.8211,3.9582,3.9494,0.008800000000000363,0.2228,645047.91,570006.9751
2567,000006.SZ,20100730,3.914,4.0467,3.8919,3.9494,3.9627,-0.01330000000000009,-0.3356,606685.31,543501.2338
2568,000006.SZ,20100729,3.9892,4.1794,3.7858,3.9627,3.8477,0.11499999999999977,2.9888,1050627.29,943025.6775
2569,000006.SZ,20100728,3.5469,3.8477,3.5469,3.8477,3.4983,0.34940000000000015,9.9877,398330.89,340933.5417
2570,000006.SZ,20100727,3.3347,3.6089,3.3347,3.4983,3.3347,0.16359999999999975,4.906,677256.09,531776.3311
2571,000006.SZ,20100726,3.0781,3.3347,2.9985,3.3347,3.0295,0.30520000000000014,10.0743,795507.6,589294.7308
2572,000006.SZ,20100723,2.8349,3.0295,2.8084,3.0295,2.8261,0.20340000000000025,7.1972,361482.75,238528.2325
2573,000006.SZ,20100722,2.7818,2.8393,2.7641,2.8261,2.8039,0.022199999999999775,0.7918,231916.23,147477.7141
2574,000006.SZ,20100721,2.8393,2.8437,2.773,2.8039,2.8305,-0.026599999999999735,-0.9398,250989.35,159253.5486
2575,000006.SZ,20100720,2.6624,2.8305,2.658,2.8305,2.574,0.25649999999999995,9.965,483962.08,306361.825
2576,000006.SZ,20100719,2.4546,2.574,2.4324,2.574,2.4767,0.09729999999999972,3.9286,152847.24,88123.5754
2577,000006.SZ,20100716,2.4324,2.4899,2.4103,2.4767,2.4413,0.0354000000000001,1.45,38300.61,21178.9435
2578,000006.SZ,20100715,2.4546,2.5386,2.4413,2.4413,2.4767,-0.0354000000000001,-1.4293,47386.28,26674.3594
2579,000006.SZ,20100714,2.4546,2.5209,2.4501,2.4767,2.4413,0.0354000000000001,1.45,56594.2,31762.2667
2580,000006.SZ,20100713,2.543,2.543,2.4236,2.4413,2.5784,-0.13709999999999978,-5.3173,81534.86,45336.3104
2581,000006.SZ,20100712,2.5209,2.6138,2.4988,2.5784,2.5032,0.07519999999999971,3.0042,122584.22,71344.5207
2582,000006.SZ,20100709,2.4546,2.5386,2.4324,2.5032,2.4501,0.05310000000000015,2.1673,63963.75,36095.6588
2583,000006.SZ,20100708,2.4678,2.5209,2.4324,2.4501,2.4722,-0.02210000000000001,-0.8939,57289.89,32123.9803
2584,000006.SZ,20100707,2.3971,2.4722,2.3971,2.4722,2.4192,0.052999999999999936,2.1908,54272.97,29892.3837
2585,000006.SZ,20100706,2.3705,2.4236,2.3528,2.4192,2.3794,0.03980000000000006,1.6727,59427.74,32232.7441
2586,000006.SZ,20100705,2.3396,2.3971,2.2953,2.3794,2.3749,0.0045000000000001705,0.1895,51628.73,27496.6028
2587,000006.SZ,20100702,2.2555,2.3971,2.2423,2.3749,2.2644,0.1104999999999996,4.8799,91267.02,47554.0788
2588,000006.SZ,20100701,2.2776,2.3307,2.2511,2.2644,2.2821,-0.017699999999999605,-0.7756,79191.89,40837.4418
2589,000006.SZ,20100630,2.2998,2.3219,2.2511,2.2821,2.3351,-0.05300000000000038,-2.2697,78117.32,40179.5173
2590,000006.SZ,20100629,2.4811,2.4899,2.3351,2.3351,2.4855,-0.15039999999999987,-6.0511,167184.63,89839.1634
2591,000006.SZ,20100628,2.5297,2.5386,2.459,2.4855,2.5342,-0.048699999999999743,-1.9217,98665.75,55364.7882
2592,000006.SZ,20100625,2.5607,2.5607,2.4988,2.5342,2.574,-0.03980000000000006,-1.5462,86940.62,49691.3886
2593,000006.SZ,20100624,2.5563,2.6093,2.5386,2.574,2.5651,0.008899999999999686,0.347,98558.19,57299.9185
2594,000006.SZ,20100623,2.5651,2.5695,2.5032,2.5651,2.5651,0.0,0.0,80697.33,46275.7377
2595,000006.SZ,20100622,2.543,2.5872,2.5297,2.5651,2.574,-0.008899999999999686,-0.3458,100105.32,57855.8683
2596,000006.SZ,20100621,2.4148,2.5961,2.4148,2.574,2.428,0.1459999999999999,6.0132,179354.75,102603.1253
2597,000006.SZ,20100618,2.4324,2.4899,2.4103,2.428,2.4236,0.0043999999999999595,0.1815,85672.63,47425.3727
2598,000006.SZ,20100617,2.4148,2.459,2.4148,2.4236,2.4103,0.01330000000000009,0.5518,44183.46,24338.2742
2599,000006.SZ,20100611,2.4059,2.4457,2.3971,2.4103,2.4015,0.008799999999999919,0.3664,39695.35,21682.57
2600,000006.SZ,20100610,2.4192,2.4413,2.3971,2.4015,2.4501,-0.04859999999999998,-1.9836,51546.57,28126.8185
2601,000006.SZ,20100609,2.3528,2.4678,2.3396,2.4501,2.3396,0.11050000000000004,4.723,86602.24,47247.179
2602,000006.SZ,20100608,2.344,2.3749,2.313,2.3396,2.344,-0.0043999999999999595,-0.1877,30713.35,16272.9918
2603,000006.SZ,20100607,2.3617,2.3749,2.3219,2.344,2.4148,-0.0708000000000002,-2.9319,50045.53,26573.1939
2604,000006.SZ,20100604,2.3926,2.4413,2.3396,2.4148,2.3882,0.02660000000000018,1.1138,47129.07,25445.4251
2605,000006.SZ,20100603,2.4413,2.4722,2.3882,2.3882,2.4103,-0.02210000000000001,-0.9169,67623.92,37144.7596
2606,000006.SZ,20100602,2.3307,2.4148,2.3086,2.4103,2.3351,0.07519999999999971,3.2204,62138.72,33329.4185
2607,000006.SZ,20100601,2.3882,2.3926,2.2865,2.3351,2.4148,-0.07969999999999988,-3.3005,64505.73,34156.9136
2608,000006.SZ,20100531,2.4678,2.5076,2.4148,2.4148,2.4501,-0.03529999999999989,-1.4408,85631.67,47843.2352
2609,000006.SZ,20100528,2.4988,2.5076,2.4369,2.4501,2.4811,-0.03100000000000014,-1.2494,63132.94,35162.8701
2610,000006.SZ,20100527,2.4501,2.4988,2.3882,2.4811,2.4722,0.00890000000000013,0.36,82616.61,45806.002
2611,000006.SZ,20100526,2.4634,2.4944,2.4324,2.4722,2.4678,0.0043999999999999595,0.1783,54094.14,30147.2132
2612,000006.SZ,20100525,2.4988,2.5076,2.4103,2.4678,2.543,-0.07520000000000016,-2.9571,102651.46,57207.5935
2613,000006.SZ,20100524,2.4324,2.5828,2.4324,2.543,2.3882,0.15480000000000027,6.4819,159056.22,91054.3981
2614,000006.SZ,20100521,2.2334,2.3971,2.2113,2.3882,2.2953,0.09289999999999976,4.0474,115267.85,61116.6789
2615,000006.SZ,20100520,2.3219,2.3617,2.2909,2.2953,2.3351,-0.03980000000000006,-1.7044,51123.37,26912.4078
2616,000006.SZ,20100519,2.3484,2.3971,2.2998,2.3351,2.3882,-0.0530999999999997,-2.2234,72860.18,38695.3035
2617,000006.SZ,20100518,2.2555,2.4236,2.2202,2.3882,2.2378,0.15039999999999987,6.7209,115005.79,60709.1458
2618,000006.SZ,20100517,2.4501,2.4501,2.2334,2.2378,2.4811,-0.24330000000000007,-9.8061,107735.91,56680.6987
2619,000006.SZ,20100514,2.5032,2.5209,2.4811,2.4811,2.5474,-0.06630000000000003,-2.6027,64413.42,36318.6405
2620,000006.SZ,20100513,2.5828,2.5828,2.4722,2.5474,2.5872,-0.03980000000000006,-1.5383,93485.96,53408.7401
2621,000006.SZ,20100512,2.5553,2.6164,2.532,2.5873,2.5524,0.03489999999999993,1.3673,81835.71,72560.6982
2622,000006.SZ,20100511,2.663,2.6717,2.535,2.5524,2.599,-0.0466000000000002,-1.793,65073.01,58068.3748
2623,000006.SZ,20100510,2.5146,2.6223,2.5117,2.599,2.5204,0.07860000000000023,3.1186,83348.85,73759.4292
2624,000006.SZ,20100507,2.4098,2.5495,2.3894,2.5204,2.4535,0.06689999999999996,2.7267,96401.23,83081.2035
2625,000006.SZ,20100506,2.5903,2.6077,2.4535,2.4535,2.6135,-0.16000000000000014,-6.1221,73567.06,63642.4197
2626,000006.SZ,20100505,2.5466,2.6368,2.4767,2.6135,2.567,0.046499999999999986,1.8115,92032.32,80593.4983
2627,000006.SZ,20100504,2.7067,2.7358,2.535,2.567,2.7707,-0.2037,-7.3519,98456.58,88689.6016
2628,000006.SZ,20100430,2.7794,2.8085,2.7358,2.7707,2.8085,-0.037799999999999834,-1.3459,58536.89,55645.0228
2629,000006.SZ,20100429,2.8522,2.8726,2.7998,2.8085,2.8289,-0.020399999999999974,-0.7211,51978.51,50755.4784
2630,000006.SZ,20100428,2.8085,2.8638,2.7765,2.8289,2.826,0.0028999999999999027,0.1026,43462.63,42166.6754
2631,000006.SZ,20100427,2.8056,2.8376,2.7561,2.826,2.8202,0.005800000000000249,0.2057,76116.71,73221.3173
2632,000006.SZ,20100426,2.9104,2.9191,2.8114,2.8202,2.9104,-0.09020000000000028,-3.0992,76287.29,75020.6505
2633,000006.SZ,20100423,2.9191,2.9541,2.8842,2.9104,2.9133,-0.0028999999999999027,-0.0995,70670.99,70908.3736
2634,000006.SZ,20100422,2.9832,2.9832,2.89,2.9133,3.0094,-0.09609999999999985,-3.1933,101623.25,101954.8601
2635,000006.SZ,20100421,2.9104,3.0094,2.8813,3.0094,2.9482,0.06119999999999992,2.0758,112724.15,113872.6634
2636,000006.SZ,20100420,2.9802,3.021,2.8958,2.9482,2.9686,-0.020399999999999974,-0.6872,73652.37,74300.8615
2637,000006.SZ,20100419,3.2014,3.2189,2.9686,2.9686,3.2887,-0.32010000000000005,-9.7333,110660.7,118458.5788
2638,000006.SZ,20100415,3.3324,3.3324,3.2626,3.2887,3.3411,-0.0524,-1.5683,66376.13,74919.9801
2639,000006.SZ,20100414,3.3237,3.3557,3.2829,3.3411,3.3266,0.014499999999999957,0.4359,65723.15,74984.1766
2640,000006.SZ,20100413,3.28,3.3324,3.248,3.3266,3.2858,0.04079999999999995,1.2417,102992.29,116738.7422
2641,000006.SZ,20100412,3.4284,3.4284,3.2567,3.2858,3.4284,-0.14259999999999984,-4.1594,186236.46,212551.5256
2642,000006.SZ,20100409,3.4459,3.4546,3.3964,3.4284,3.4401,-0.011700000000000266,-0.3401,146104.23,171486.026
2643,000006.SZ,20100408,3.4314,3.4517,3.4052,3.4401,3.4343,0.005800000000000249,0.1689,85390.56,100737.4485
2644,000006.SZ,20100407,3.4867,3.4896,3.3877,3.4343,3.5041,-0.0698000000000003,-1.992,194172.78,228494.5898
2645,000006.SZ,20100406,3.5711,3.6031,3.4692,3.5041,3.5623,-0.05819999999999981,-1.6338,158979.34,191891.5549
2646,000006.SZ,20100402,3.5885,3.6555,3.5536,3.5623,3.5652,-0.0028999999999999027,-0.0813,151932.19,187963.9164
2647,000006.SZ,20100401,3.4867,3.5798,3.4837,3.5652,3.4837,0.08150000000000013,2.3395,131489.1,160448.5171
2648,000006.SZ,20100331,3.507,3.5187,3.4692,3.4837,3.4983,-0.014600000000000168,-0.4173,74291.69,89180.2449
2649,000006.SZ,20100330,3.5158,3.5187,3.4721,3.4983,3.5187,-0.020399999999999974,-0.5798,91138.34,109318.6757
2650,000006.SZ,20100329,3.4634,3.5332,3.4517,3.5187,3.4634,0.055299999999999905,1.5967,151113.28,181457.4404
2651,000006.SZ,20100326,3.4197,3.4925,3.3935,3.4634,3.4081,0.055299999999999905,1.6226,100695.81,119450.0569
2652,000006.SZ,20100325,3.4284,3.4546,3.3877,3.4081,3.4284,-0.020299999999999763,-0.5921,86157.07,101250.5177
2653,000006.SZ,20100324,3.4139,3.4488,3.4052,3.4284,3.4023,0.026100000000000012,0.7671,109607.48,129207.4661
2654,000006.SZ,20100323,3.4779,3.4779,3.3935,3.4023,3.4779,-0.07560000000000011,-2.1737,153551.97,180121.9101
2655,000006.SZ,20100322,3.475,3.5361,3.4634,3.4779,3.4779,0.0,0.0,129508.98,155296.6284
2656,000006.SZ,20100319,3.4634,3.507,3.4197,3.4779,3.4517,0.02619999999999978,0.759,167829.13,199688.7061
2657,000006.SZ,20100318,3.379,3.5041,3.3761,3.4517,3.3761,0.07560000000000011,2.2393,278404.36,329860.7445
2658,000006.SZ,20100317,3.3673,3.4226,3.3179,3.3761,3.2305,0.14559999999999995,4.507,358581.74,414970.5922
2659,000006.SZ,20100316,3.2771,3.3411,3.1869,3.2305,3.2742,-0.04369999999999985,-1.3347,180311.52,203130.1485
2660,000006.SZ,20100315,3.248,3.2742,3.1636,3.2742,3.2276,0.0466000000000002,1.4438,146194.48,162190.6676
2661,000006.SZ,20100312,3.216,3.3266,3.184,3.2276,3.2131,0.014499999999999957,0.4513,229918.29,256668.9786
2662,000006.SZ,20100311,3.1636,3.2451,3.1432,3.2131,3.1636,0.049499999999999655,1.5647,169568.15,186751.1425
2663,000006.SZ,20100310,3.2014,3.2043,3.1287,3.1636,3.2131,-0.049499999999999655,-1.5406,134132.98,145910.5177
2664,000006.SZ,20100309,3.053,3.2305,3.0355,3.2131,3.0646,0.14849999999999985,4.8457,274143.24,298836.0113
2665,000006.SZ,20100308,3.0472,3.0996,3.0326,3.0646,3.0239,0.04070000000000018,1.3459,74591.06,78656.0037
2666,000006.SZ,20100305,3.0239,3.0443,2.9919,3.0239,3.0268,-0.0029000000000003467,-0.0958,65865.56,68409.1075
2667,000006.SZ,20100304,3.0676,3.2014,3.0123,3.0268,3.0705,-0.04369999999999985,-1.4232,199893.6,214802.817
2668,000006.SZ,20100303,3.0617,3.0705,3.0006,3.0705,3.0617,0.008799999999999919,0.2874,110922.62,115744.6412
2669,000006.SZ,20100302,3.0239,3.085,2.9861,3.0617,3.0239,0.03780000000000028,1.25,118934.42,124511.2481
2670,000006.SZ,20100301,2.9657,3.0268,2.9628,3.0239,3.021,0.0028999999999999027,0.096,98658.22,101525.0575
2671,000006.SZ,20100226,3.0239,3.0908,3.0152,3.021,2.9424,0.07859999999999978,2.6713,194842.39,204052.2724
2672,000006.SZ,20100224,2.8522,2.9453,2.8522,2.9424,2.8871,0.055299999999999905,1.9154,54574.92,54525.5319
2673,000006.SZ,20100223,2.9017,2.9046,2.8376,2.8871,2.9046,-0.017499999999999627,-0.6025,39797.32,39191.2076
2674,000006.SZ,20100222,2.9511,2.9511,2.8958,2.9046,2.9511,-0.046499999999999986,-1.5757,46611.52,46628.3655
2675,000006.SZ,20100212,2.9628,2.9657,2.9337,2.9511,2.9482,0.0028999999999999027,0.0984,41413.85,41972.283
2676,000006.SZ,20100211,2.9337,2.9599,2.9191,2.9482,2.9279,0.020299999999999763,0.6933,53561.15,54190.4073
2677,000006.SZ,20100210,2.9104,2.9279,2.8813,2.9279,2.8871,0.04079999999999995,1.4132,38559.31,38528.9741
2678,000006.SZ,20100209,2.9075,2.9249,2.8726,2.8871,2.9075,-0.020399999999999974,-0.7016,45784.57,45542.4809
2679,000006.SZ,20100208,2.9511,2.9511,2.8929,2.9075,2.922,-0.014499999999999957,-0.4962,38463.87,38474.1355
2680,000006.SZ,20100205,2.9802,2.9861,2.8958,2.922,3.0385,-0.11649999999999983,-3.8341,75387.97,76036.3019
2681,000006.SZ,20100204,2.9919,3.1432,2.9599,3.0385,3.0123,0.02619999999999978,0.8698,131975.38,138631.8769
2682,000006.SZ,20100203,2.9715,3.0268,2.8551,3.0123,2.9599,0.0524,1.7703,67421.93,68649.4196
2683,000006.SZ,20100202,3.0035,3.0355,2.9541,2.9599,2.9919,-0.031999999999999584,-1.0696,87133.45,90064.545
2684,000006.SZ,20100201,2.9046,3.0268,2.8405,2.9919,2.8988,0.09309999999999974,3.2117,104481.05,104824.548
2685,000006.SZ,20100129,2.8958,2.9599,2.8667,2.8988,2.9133,-0.014499999999999957,-0.4977,56173.54,56362.0954
2686,000006.SZ,20100128,2.8958,2.9308,2.8609,2.9133,2.8842,0.029100000000000126,1.0089,53230.7,53018.7977
2687,000006.SZ,20100127,2.8813,2.9337,2.8376,2.8842,2.8667,0.01750000000000007,0.6105,55267.38,54948.0764
2688,000006.SZ,20100126,2.9977,3.0094,2.8405,2.8667,2.989,-0.12230000000000008,-4.0917,67568.14,67544.3918
2689,000006.SZ,20100125,3.0385,3.0501,2.9861,2.989,3.0443,-0.055299999999999905,-1.8165,52419.48,54267.1405
2690,000006.SZ,20100122,3.1083,3.1578,2.9715,3.0443,3.1665,-0.12220000000000031,-3.8592,109124.74,115029.7459
2691,000006.SZ,20100121,3.1432,3.1985,3.1025,3.1665,3.1112,0.055299999999999905,1.7774,73027.95,78930.589
2692,000006.SZ,20100120,3.2742,3.28,3.1025,3.1112,3.2509,-0.13969999999999994,-4.2973,155251.77,169007.9288
2693,000006.SZ,20100119,3.2917,3.3004,3.2276,3.2509,3.2713,-0.020399999999999974,-0.6236,100400.2,112472.0119
2694,000006.SZ,20100118,3.2073,3.2829,3.1898,3.2713,3.2276,0.043700000000000294,1.3539,119338.46,133363.6698
2695,000006.SZ,20100115,3.1869,3.28,3.1782,3.2276,3.1665,0.06109999999999971,1.9296,163025.05,181116.2273
2696,000006.SZ,20100114,3.1723,3.1811,3.1054,3.1665,3.149,0.01750000000000007,0.5557,151667.31,163880.0598
2697,000006.SZ,20100113,3.1782,3.216,3.1432,3.149,3.2538,-0.1048,-3.2208,131979.86,143953.7178
2698,000006.SZ,20100112,3.1636,3.2538,3.1374,3.2538,3.117,0.13680000000000003,4.3888,269058.46,296197.2411
2699,000006.SZ,20100111,3.2538,3.2538,3.1054,3.117,3.2014,-0.08440000000000003,-2.6363,90467.25,97820.3591
2700,000006.SZ,20100108,3.1141,3.2014,3.0996,3.2014,3.1258,0.07560000000000011,2.4186,89757.37,97512.1269
2701,000006.SZ,20100107,3.1578,3.1898,3.085,3.1258,3.152,-0.026200000000000223,-0.8312,102246.2,110237.2296
2702,000006.SZ,20100106,3.1403,3.2131,3.1199,3.152,3.1432,0.008799999999999919,0.28,138360.3,150037.7323
2703,000006.SZ,20100105,3.2364,3.2538,3.1025,3.1432,3.2364,-0.09319999999999995,-2.8797,131299.46,142031.4223
2704,000006.SZ,20100104,3.2975,3.3033,3.2335,3.2364,3.2975,-0.06109999999999971,-1.8529,62998.05,70548.5572
2705,000006.SZ,20091231,3.2742,3.312,3.2422,3.2975,3.2364,0.06109999999999971,1.8879,99461.22,112166.7323
2706,000006.SZ,20091229,3.2742,3.2742,3.1374,3.2364,3.2538,-0.01739999999999986,-0.5348,80924.76,89380.7983
2707,000006.SZ,20091228,3.2335,3.2858,3.2335,3.2538,3.2335,0.020300000000000207,0.6278,72120.71,80804.2074
2708,000006.SZ,20091225,3.1927,3.28,3.1432,3.2335,3.2014,0.032099999999999795,1.0027,90427.6,99926.0373
2709,000006.SZ,20091224,3.0967,3.2131,3.0938,3.2014,3.1141,0.08729999999999993,2.8034,123968.56,135178.0002
2710,000006.SZ,20091223,3.1141,3.1578,3.0792,3.1141,3.1025,0.011600000000000055,0.3739,63662.49,68191.6891
2711,000006.SZ,20091222,3.3033,3.3091,3.0996,3.1025,3.3208,-0.21830000000000016,-6.5737,104882.32,114646.7455
2712,000006.SZ,20091221,3.3033,3.3324,3.2014,3.3208,3.3004,0.020400000000000418,0.6181,99254.72,111702.4655
2713,000006.SZ,20091218,3.4925,3.5303,3.2393,3.3004,3.5623,-0.26190000000000024,-7.352,130766.69,150651.5105
2714,000006.SZ,20091217,3.5536,3.5943,3.4896,3.5623,3.5332,0.029100000000000126,0.8236,100351.05,122317.1606
2715,000006.SZ,20091216,3.5478,3.5711,3.4837,3.5332,3.5478,-0.014600000000000168,-0.4115,93432.05,113492.9563
2716,000006.SZ,20091215,3.638,3.6613,3.5158,3.5478,3.6933,-0.14549999999999974,-3.9396,199920.97,244942.9935
2717,000006.SZ,20091214,3.7428,3.769,3.6031,3.6933,3.7428,-0.0495000000000001,-1.3225,183408.58,231437.4674
2718,000006.SZ,20091211,3.7719,3.8272,3.7253,3.7428,3.7631,-0.020300000000000207,-0.5394,62869.95,81473.0073
2719,000006.SZ,20091210,3.8505,3.8999,3.7282,3.7631,3.8505,-0.0873999999999997,-2.2698,141434.93,184103.7744
2720,000006.SZ,20091209,3.9203,3.9872,3.8184,3.8505,3.9523,-0.10180000000000033,-2.5757,111789.97,150350.9174
2721,000006.SZ,20091208,3.8534,4.028,3.8475,3.9523,3.8417,0.11060000000000025,2.8789,298747.31,404523.6833
2722,000006.SZ,20091207,3.7893,3.8563,3.7224,3.8417,3.769,0.07269999999999976,1.9289,101131.24,131659.1243
2723,000006.SZ,20091204,3.7661,3.8505,3.6613,3.769,3.7952,-0.02619999999999978,-0.6903,133587.52,172043.2998
2724,000006.SZ,20091203,3.8417,3.8563,3.7428,3.7952,3.865,-0.0698000000000003,-1.806,114159.13,148602.8808
2725,000006.SZ,20091202,3.8126,3.9552,3.801,3.865,3.8126,0.0524,1.3744,174227.33,231785.2914
2726,000006.SZ,20091201,3.7253,3.8359,3.6496,3.8126,3.7311,0.08150000000000013,2.1843,147360.25,189311.2005
2727,000006.SZ,20091130,3.6904,3.7486,3.638,3.7311,3.6322,0.09889999999999999,2.7229,102533.21,130398.724
2728,000006.SZ,20091127,3.7777,3.8243,3.5943,3.6322,3.9145,-0.2822999999999998,-7.2116,223135.33,283520.2236
2729,000006.SZ,20091126,3.9727,4.1852,3.865,3.9145,3.929,-0.014499999999999957,-0.3691,468462.28,651367.6116
2730,000006.SZ,20091125,3.6671,3.996,3.6642,3.929,3.6584,0.27059999999999995,7.3967,273872.15,360080.4955
2731,000006.SZ,20091124,3.8854,3.929,3.6176,3.6584,3.8737,-0.21530000000000005,-5.558,183433.35,240608.9192
2732,000006.SZ,20091123,3.8854,3.8883,3.7952,3.8737,3.8592,0.014499999999999957,0.3757,122048.16,160939.1222
2733,000006.SZ,20091120,3.7573,3.929,3.6991,3.8592,3.7602,0.09899999999999975,2.6328,188481.84,248999.5314
2734,000006.SZ,20091119,3.6962,3.7835,3.6729,3.7602,3.6991,0.061100000000000154,1.6518,123852.67,158554.4091
2735,000006.SZ,20091118,3.7544,3.7661,3.6758,3.6991,3.7631,-0.06400000000000006,-1.7007,94064.94,119963.2692
2736,000006.SZ,20091117,3.7166,3.8097,3.7166,3.7631,3.702,0.061100000000000154,1.6505,138910.61,179690.4663
2737,000006.SZ,20091116,3.6264,3.7399,3.6264,3.702,3.6205,0.08150000000000013,2.2511,140405.63,178363.1719
2738,000006.SZ,20091113,3.5943,3.6351,3.4954,3.6205,3.6293,-0.008800000000000363,-0.2425,101870.14,125071.3145
2739,000006.SZ,20091112,3.67,3.7078,3.6089,3.6293,3.6584,-0.02909999999999968,-0.7954,90737.02,113910.8359
2740,000006.SZ,20091111,3.6438,3.7399,3.6089,3.6584,3.6438,0.014599999999999724,0.4007,120571.58,152396.5497
2741,000006.SZ,20091110,3.6438,3.6991,3.5798,3.6438,3.5798,0.06400000000000006,1.7878,131603.4,164927.7196
2742,000006.SZ,20091109,3.6031,3.6293,3.5303,3.5798,3.6496,-0.06979999999999986,-1.9125,153554.78,189272.0251
2743,000006.SZ,20091106,3.4925,3.7719,3.4634,3.6496,3.4605,0.18909999999999982,5.4645,294667.27,364640.4654
2744,000006.SZ,20091105,3.4197,3.507,3.4081,3.4605,3.4197,0.04079999999999995,1.1931,87612.12,104044.546
2745,000006.SZ,20091104,3.4459,3.4896,3.379,3.4197,3.4401,-0.020399999999999974,-0.593,70391.63,82692.1102
2746,000006.SZ,20091103,3.4488,3.5361,3.3964,3.4401,3.4255,0.014600000000000168,0.4262,117834.62,139759.8472
2747,000006.SZ,20091102,3.1956,3.4255,3.1665,3.4255,3.28,0.14550000000000018,4.436,89953.13,103050.7466
2748,000006.SZ,20091030,3.2917,3.3353,3.2538,3.28,3.2189,0.06109999999999971,1.8982,74557.17,84462.7831
2749,000006.SZ,20091029,3.2887,3.3062,3.2014,3.2189,3.3848,-0.16589999999999971,-4.9013,90557.06,101206.2279
2750,000006.SZ,20091027,3.4925,3.5041,3.3819,3.3848,3.5361,-0.1513,-4.2787,75096.82,88785.0814
2751,000006.SZ,20091026,3.5798,3.5943,3.4576,3.5361,3.5798,-0.043700000000000294,-1.2207,82346.42,99536.4472
2752,000006.SZ,20091023,3.5652,3.6671,3.5361,3.5798,3.5507,0.029100000000000126,0.8196,130666.93,162333.8538
2753,000006.SZ,20091022,3.4576,3.6613,3.4343,3.5507,3.475,0.07569999999999988,2.1784,186541.53,228474.6921
2754,000006.SZ,20091021,3.4517,3.5827,3.4052,3.475,3.4576,0.017400000000000304,0.5032,159883.96,193892.5924
2755,000006.SZ,20091020,3.411,3.4779,3.3702,3.4576,3.4023,0.055299999999999905,1.6254,114698.55,134728.9669
2756,000006.SZ,20091019,3.216,3.4052,3.2102,3.4023,3.2014,0.20089999999999986,6.2754,145606.59,167132.7019
2757,000006.SZ,20091016,3.152,3.2043,3.1432,3.2014,3.149,0.0524,1.664,63099.37,68837.3154
2758,000006.SZ,20091015,3.2014,3.2305,3.1374,3.149,3.1549,-0.005900000000000016,-0.187,75003.45,82064.5005
2759,000006.SZ,20091014,3.0879,3.2131,3.0879,3.1549,3.0617,0.09319999999999995,3.0441,101764.33,110808.7049
2760,000006.SZ,20091013,2.9919,3.0676,2.9715,3.0617,2.9977,0.06400000000000006,2.135,45504.48,47557.7784
2761,000006.SZ,20091012,3.0152,3.0821,2.9773,2.9977,3.0152,-0.01750000000000007,-0.5804,48188.77,50146.6257
2762,000006.SZ,20091009,2.9249,3.0152,2.8871,3.0152,2.8493,0.16590000000000016,5.8225,56552.75,57626.4414
2763,000006.SZ,20090930,2.8318,2.9017,2.8173,2.8493,2.8056,0.04369999999999985,1.5576,50396.31,49576.0095
2764,000006.SZ,20090929,2.8318,2.8609,2.7474,2.8056,2.8318,-0.02619999999999978,-0.9252,47639.23,45867.8062
2765,000006.SZ,20090928,2.9337,2.9599,2.8085,2.8318,2.922,-0.09020000000000028,-3.0869,60858.9,60845.9606
2766,000006.SZ,20090925,2.9657,2.9773,2.8988,2.922,2.9715,-0.049499999999999655,-1.6658,62986.34,63533.9667
2767,000006.SZ,20090924,2.957,3.0676,2.8376,2.9715,2.957,0.014499999999999957,0.4904,94781.38,95782.2115
2768,000006.SZ,20090923,3.0646,3.1345,2.9308,2.957,3.0617,-0.10470000000000024,-3.4197,59325.24,61230.4903
2769,000006.SZ,20090922,3.1578,3.2043,3.0617,3.0617,3.1578,-0.09609999999999985,-3.0433,48327.71,51980.7951
2770,000006.SZ,20090921,3.1811,3.184,3.0385,3.1578,3.1927,-0.03489999999999993,-1.0931,65778.14,70286.0273
2771,000006.SZ,20090918,3.3644,3.4052,3.1869,3.1927,3.379,-0.18630000000000013,-5.5135,89968.32,101274.3767
2772,000006.SZ,20090917,3.3353,3.4343,3.3295,3.379,3.344,0.03500000000000014,1.0467,72819.31,84593.1146
2773,000006.SZ,20090916,3.4343,3.4605,3.2858,3.344,3.4488,-0.1048,-3.0387,90966.92,104792.1322
2774,000006.SZ,20090915,3.379,3.4779,3.3499,3.4488,3.3906,0.05819999999999981,1.7165,95520.09,112518.4737
2775,000006.SZ,20090914,3.3179,3.4197,3.2946,3.3906,3.2946,0.09600000000000009,2.9139,88817.98,102234.7117
2776,000006.SZ,20090911,3.2305,3.3411,3.2073,3.2946,3.2335,0.061100000000000154,1.8896,74985.61,84874.1473
2777,000006.SZ,20090910,3.2364,3.312,3.2014,3.2335,3.2451,-0.011600000000000055,-0.3575,82804.89,92983.1139
2778,000006.SZ,20090909,3.248,3.28,3.1956,3.2451,3.2567,-0.011600000000000055,-0.3562,71336.4,79216.4714
2779,000006.SZ,20090908,3.0996,3.2567,3.0734,3.2567,3.1432,0.11349999999999971,3.611,115354.84,127160.7659
2780,000006.SZ,20090907,3.1956,3.2218,3.0938,3.1432,3.1665,-0.023299999999999876,-0.7358,72859.41,79387.4277
2781,000006.SZ,20090904,3.1141,3.2189,3.0938,3.1665,3.1112,0.055299999999999905,1.7774,106411.54,115825.5602
2782,000006.SZ,20090903,2.8522,3.1141,2.8522,3.1112,2.8376,0.27360000000000007,9.642,133542.69,138000.3648
2783,000006.SZ,20090902,2.8522,2.9453,2.7474,2.8376,2.8609,-0.023299999999999876,-0.8144,91316.57,88916.3169
2784,000006.SZ,20090901,2.8173,2.9686,2.8027,2.8609,2.8202,0.04070000000000018,1.4432,50830.3,50349.5701
2785,000006.SZ,20090831,3.0996,3.0996,2.8173,2.8202,3.1316,-0.31140000000000034,-9.9438,66231.02,66496.4739
2786,000006.SZ,20090828,3.2626,3.2626,3.1083,3.1316,3.2858,-0.1541999999999999,-4.6929,54303.09,59256.7303
2787,000006.SZ,20090827,3.2305,3.3528,3.2014,3.2858,3.2567,0.029100000000000126,0.8935,73654.11,83166.5117
2788,000006.SZ,20090826,3.1287,3.3237,3.085,3.2567,3.1432,0.11349999999999971,3.611,97966.27,110194.4713
2789,000006.SZ,20090825,3.2887,3.3062,3.0268,3.1432,3.3295,-0.1862999999999997,-5.5954,93764.81,101966.0725
2790,000006.SZ,20090824,3.1898,3.4052,3.1432,3.3295,3.1782,0.1513,4.7606,136981.91,154240.8913
2791,000006.SZ,20090821,3.1432,3.2364,3.0646,3.1782,3.149,0.029199999999999893,0.9273,87526.13,94953.9718
2792,000006.SZ,20090820,3.0705,3.1665,3.0297,3.149,3.085,0.06400000000000006,2.0746,76776.39,82101.3939
2793,000006.SZ,20090819,3.2451,3.2596,2.989,3.085,3.2276,-0.14259999999999984,-4.4181,94087.95,100033.52
2794,000006.SZ,20090818,3.2043,3.2975,3.1316,3.2276,3.2684,-0.04080000000000039,-1.2483,92071.21,101088.3269
2795,000006.SZ,20090817,3.5361,3.574,3.2684,3.2684,3.6322,-0.3637999999999999,-10.016,106891.77,124111.9128
2796,000006.SZ,20090814,3.7486,3.7864,3.5943,3.6322,3.7544,-0.12219999999999986,-3.2548,138103.71,175630.9213
2797,000006.SZ,20090813,3.6991,3.7922,3.5914,3.7544,3.6817,0.07269999999999976,1.9746,97926.5,124803.1877
2798,000006.SZ,20090812,3.7253,3.8417,3.6671,3.6817,3.7311,-0.04939999999999989,-1.324,114879.42,148170.7547
2799,000006.SZ,20090811,3.638,3.7835,3.6322,3.7311,3.6293,0.10179999999999989,2.8049,107366.65,137667.3925
2800,000006.SZ,20090810,3.734,3.8039,3.5769,3.6293,3.7224,-0.09309999999999974,-2.5011,96296.38,121314.2892
2801,000006.SZ,20090807,3.8417,3.8796,3.6962,3.7224,3.8825,-0.1600999999999999,-4.1236,107223.64,139388.8888
2802,000006.SZ,20090806,3.8534,3.9989,3.6438,3.8825,3.8563,0.02619999999999978,0.6794,218903.88,288291.1905
2803,000006.SZ,20090805,3.9116,3.929,3.7893,3.8563,3.9145,-0.05819999999999981,-1.4868,121130.27,159837.6747
2804,000006.SZ,20090804,3.9028,3.9698,3.8417,3.9145,3.8941,0.020399999999999974,0.5239,133555.91,179424.4899
2805,000006.SZ,20090803,3.9581,3.9581,3.8184,3.8941,3.9552,-0.061100000000000154,-1.5448,143362.91,190790.5035
2806,000006.SZ,20090731,3.8999,3.996,3.7981,3.9552,3.897,0.05820000000000025,1.4935,183194.03,246404.0672
2807,000006.SZ,20090730,3.929,4.0455,3.7661,3.897,4.1852,-0.28820000000000023,-6.8862,278206.07,369685.646
2808,000006.SZ,20090728,4.1764,4.2754,4.0687,4.1852,4.1735,0.011700000000000266,0.2803,192069.15,273206.4416
2809,000006.SZ,20090727,4.2143,4.2201,4.0687,4.1735,4.1706,0.0028999999999994586,0.0695,220237.33,311332.0774
2810,000006.SZ,20090724,4.3656,4.4063,4.1124,4.1706,4.3336,-0.16299999999999937,-3.7613,194649.68,283355.4267
2811,000006.SZ,20090723,4.2317,4.4471,4.191,4.3336,4.2404,0.0931999999999995,2.1979,247087.75,369267.7901
2812,000006.SZ,20090722,4.0746,4.2434,4.0542,4.2404,4.1037,0.13670000000000027,3.3311,229122.36,328552.2811
2813,000006.SZ,20090721,4.0513,4.2055,3.996,4.1037,4.0513,0.05239999999999956,1.2934,219032.88,310543.1009
2814,000006.SZ,20090720,4.0571,4.0571,3.9581,4.0513,4.06,-0.008699999999999264,-0.2143,198457.9,272825.0987
2815,000006.SZ,20090717,4.1124,4.1473,4.028,4.06,4.1182,-0.05820000000000025,-1.4132,129427.45,182009.5838
2816,000006.SZ,20090716,4.1677,4.2375,4.0396,4.1182,4.1648,-0.04659999999999975,-1.1189,186958.77,264784.0963
2817,000006.SZ,20090715,4.2201,4.2637,4.1211,4.1648,4.2055,-0.04070000000000018,-0.9678,126496.68,181208.0559
2818,000006.SZ,20090714,4.1037,4.2055,4.0746,4.2055,4.0775,0.1280000000000001,3.1392,131816.12,187654.7718
2819,000006.SZ,20090713,4.1037,4.1735,4.0687,4.0775,4.159,-0.08150000000000013,-1.9596,108950.01,153402.836
2820,000006.SZ,20090710,4.191,4.2666,4.0396,4.159,4.1968,-0.037799999999999834,-0.9007,149953.61,214463.6568
2821,000006.SZ,20090709,4.1619,4.3219,4.1037,4.1968,4.1619,0.03489999999999949,0.8386,121426.36,175414.6926
2822,000006.SZ,20090708,4.0193,4.2055,3.9902,4.1619,4.06,0.10190000000000055,2.5099,136027.58,190841.6442
2823,000006.SZ,20090707,4.2521,4.2521,4.0222,4.06,4.2521,-0.19210000000000083,-4.5178,204292.68,287299.3421
2824,000006.SZ,20090706,4.3365,4.4151,4.1735,4.2521,4.3307,-0.07859999999999978,-1.8149,175559.97,257993.8406
2825,000006.SZ,20090703,4.0134,4.3889,3.9872,4.3307,4.0571,0.27360000000000007,6.7437,224301.24,327793.9684
2826,000006.SZ,20090702,4.0687,4.124,4.0163,4.0571,4.0425,0.014599999999999724,0.3612,158166.33,220683.5263
2827,000006.SZ,20090701,3.8126,4.0862,3.7864,4.0425,3.8417,0.20080000000000053,5.2269,201181.31,277207.8833
2828,000006.SZ,20090630,3.7835,3.8417,3.6962,3.8417,3.7806,0.06109999999999971,1.6161,132133.28,171155.374
2829,000006.SZ,20090629,3.6409,3.8796,3.6147,3.7806,3.6409,0.13970000000000038,3.837,202728.76,263089.3849
2830,000006.SZ,20090626,3.606,3.6846,3.5361,3.6409,3.5769,0.06399999999999961,1.7893,79396.36,98670.2487
2831,000006.SZ,20090625,3.5564,3.6431,3.5304,3.5766,3.5651,0.011499999999999844,0.3226,59638.14,74025.4888
2832,000006.SZ,20090624,3.5275,3.6085,3.4928,3.5651,3.5448,0.020300000000000207,0.5727,59280.83,72783.1574
2833,000006.SZ,20090623,3.5275,3.6345,3.4523,3.5448,3.5853,-0.0405000000000002,-1.1296,98672.09,119946.5731
2834,000006.SZ,20090622,3.7588,3.7588,3.5535,3.5853,3.6981,-0.11280000000000001,-3.0502,78814.47,99335.9207
2835,000006.SZ,20090619,3.6489,3.7443,3.6142,3.6981,3.6634,0.03469999999999995,0.9472,95012.46,121333.4726
2836,000006.SZ,20090618,3.6085,3.7443,3.5564,3.6634,3.6171,0.04630000000000001,1.28,157691.6,200441.4381
2837,000006.SZ,20090617,3.3251,3.6721,3.3251,3.6171,3.3424,0.27470000000000017,8.2186,124503.38,151395.9811
2838,000006.SZ,20090616,3.3742,3.4205,3.3193,3.3424,3.4003,-0.05790000000000006,-1.7028,60160.65,69807.1413
2839,000006.SZ,20090615,3.2788,3.4263,3.2673,3.4003,3.2991,0.10119999999999996,3.0675,60705.91,70687.2314
2840,000006.SZ,20090612,3.354,3.4408,3.247,3.2991,3.3829,-0.08379999999999965,-2.4772,108771.43,125404.5365
2841,000006.SZ,20090611,3.5795,3.5795,3.3829,3.3829,3.5795,-0.1966000000000001,-5.4924,96485.48,115525.5706
2842,000006.SZ,20090609,3.5738,3.6692,3.5564,3.5795,3.5969,-0.017400000000000304,-0.4837,88156.05,109836.9971
2843,000006.SZ,20090608,3.5564,3.7762,3.5015,3.5969,3.5824,0.014500000000000401,0.4048,113040.71,142663.4868
2844,000006.SZ,20090605,3.7443,3.7704,3.542,3.5824,3.727,-0.14460000000000006,-3.8798,87088.39,109796.2635
2845,000006.SZ,20090604,3.7241,3.7877,3.6547,3.727,3.7154,0.011600000000000055,0.3122,123311.94,159399.248
2846,000006.SZ,20090603,3.5506,3.7588,3.487,3.7154,3.5188,0.19659999999999966,5.5871,140977.82,179679.3441
2847,000006.SZ,20090602,3.4205,3.5853,3.4061,3.5188,3.4089,0.10990000000000011,3.2239,133358.87,161851.7603
2848,000006.SZ,20090601,3.3396,3.435,3.3396,3.4089,3.2904,0.11850000000000005,3.6014,90305.95,106364.9326
2849,000006.SZ,20090527,3.3742,3.3887,3.2817,3.2904,3.2673,0.0230999999999999,0.707,56689.94,65344.6104
2850,000006.SZ,20090526,3.3887,3.3887,3.2528,3.2673,3.4147,-0.14739999999999975,-4.3166,116848.6,133141.4274
2851,000006.SZ,20090525,3.1921,3.4408,3.1863,3.4147,3.3077,0.10699999999999976,3.2349,80076.57,92097.4224
2852,000006.SZ,20090522,3.2846,3.3685,3.2673,3.3077,3.2962,0.011500000000000288,0.3489,47928.82,55065.3604
2853,000006.SZ,20090521,3.3424,3.3771,3.2962,3.2962,3.4061,-0.10990000000000011,-3.2266,91232.67,105198.2513
2854,000006.SZ,20090519,3.4697,3.5709,3.3771,3.4061,3.4176,-0.011500000000000288,-0.3365,138706.28,165884.7035
2855,000006.SZ,20090518,3.5304,3.5304,3.2962,3.4176,3.5333,-0.11569999999999991,-3.2746,108594.79,127340.8742
2856,000006.SZ,20090515,3.5564,3.6142,3.4841,3.5333,3.5709,-0.037599999999999856,-1.053,82977.67,101775.0473
2857,000006.SZ,20090514,3.4986,3.6142,3.3829,3.5709,3.5217,0.04919999999999991,1.3971,130523.79,158148.3982
2858,000006.SZ,20090513,3.4986,3.5853,3.4523,3.5217,3.5304,-0.008700000000000152,-0.2464,131403.16,160133.52
2859,000006.SZ,20090512,3.3222,3.5362,3.2384,3.5304,3.3338,0.1966000000000001,5.8972,171580.89,203654.6307
2860,000006.SZ,20090511,3.4754,3.6374,3.3193,3.3338,3.4697,-0.1358999999999999,-3.9168,208582.33,252694.9058
2861,000006.SZ,20090508,3.2384,3.5564,3.1834,3.4697,3.2904,0.17930000000000001,5.4492,209291.06,245978.8267
2862,000006.SZ,20090507,3.2702,3.4003,3.1285,3.2904,3.2528,0.037599999999999856,1.1559,226153.4,257301.4857
2863,000006.SZ,20090506,3.036,3.2904,3.007,3.2528,3.0446,0.20820000000000016,6.8383,191754.59,210986.6392
2864,000006.SZ,20090505,2.9781,3.1227,2.9521,3.0446,2.9752,0.0693999999999999,2.3326,183438.86,194532.064
2865,000006.SZ,20090504,2.8278,3.0302,2.8018,2.9752,2.8365,0.13870000000000005,4.8898,189286.3,193140.6155
2866,000006.SZ,20090430,2.7468,2.8365,2.7034,2.8365,2.6745,0.16199999999999992,6.0572,185703.22,179011.603
2867,000006.SZ,20090429,2.5647,2.7353,2.5531,2.6745,2.5647,0.1097999999999999,4.2812,99085.08,91175.2548
2868,000006.SZ,20090427,2.5473,2.6109,2.4895,2.5647,2.6022,-0.037499999999999645,-1.4411,116688.7,102971.023
2869,000006.SZ,20090424,2.6745,2.6948,2.5994,2.6022,2.6659,-0.06370000000000031,-2.3894,74845.01,68290.2548
2870,000006.SZ,20090423,2.6543,2.689,2.5733,2.6659,2.6601,0.005800000000000249,0.218,109610.95,99716.9346
2871,000006.SZ,20090422,2.848,2.8625,2.5531,2.6601,2.8307,-0.1706000000000003,-6.0268,229515.28,213420.3109
2872,000006.SZ,20090421,2.8914,2.8914,2.7468,2.8307,2.9203,-0.0895999999999999,-3.0682,133564.09,130333.7866
2873,000006.SZ,20090420,2.8914,2.9377,2.848,2.9203,2.8856,0.03469999999999995,1.2025,104683.56,105048.6041
2874,000006.SZ,20090417,2.8567,2.929,2.8046,2.8856,2.8596,0.026000000000000245,0.9092,142868.64,142532.4873
2875,000006.SZ,20090416,2.9203,2.9492,2.8336,2.8596,2.903,-0.043400000000000105,-1.495,105671.57,104876.7753
2876,000006.SZ,20090415,2.8336,2.9348,2.8046,2.903,2.8683,0.03469999999999995,1.2098,186788.7,185673.7858
2877,000006.SZ,20090414,2.7353,2.9145,2.7324,2.8683,2.6948,0.1735000000000002,6.4383,288772.09,282623.0232
2878,000006.SZ,20090413,2.7468,2.7989,2.6716,2.6948,2.7237,-0.028900000000000148,-1.0611,174992.3,165406.4331
2879,000006.SZ,20090410,2.6341,2.7353,2.6138,2.7237,2.6138,0.10990000000000011,4.2046,223419.19,209019.7623
2880,000006.SZ,20090409,2.5444,2.6341,2.5184,2.6138,2.5849,0.028899999999999704,1.118,139229.01,123884.6474
2881,000006.SZ,20090408,2.6514,2.8336,2.582,2.5849,2.6514,-0.0665,-2.5081,247913.15,231300.9964
2882,000006.SZ,20090401,2.6312,2.7063,2.6254,2.6514,2.6022,0.049200000000000355,1.8907,201740.42,185765.8407
2883,000006.SZ,20090331,2.4519,2.6022,2.4288,2.6022,2.5271,0.07509999999999994,2.9718,154718.28,135839.5793
2884,000006.SZ,20090330,2.5733,2.5733,2.5068,2.5271,2.5907,-0.0636000000000001,-2.4549,118183.13,103588.5434
2885,000006.SZ,20090327,2.6254,2.6427,2.5473,2.5907,2.6254,-0.03469999999999995,-1.3217,144348.31,129071.7435
2886,000006.SZ,20090326,2.53,2.6456,2.4519,2.6254,2.53,0.09540000000000015,3.7708,203676.73,179811.034
2887,000006.SZ,20090325,2.5589,2.6456,2.5039,2.53,2.5936,-0.0636000000000001,-2.4522,155483.06,138204.9
2888,000006.SZ,20090324,2.6919,2.7092,2.5589,2.5936,2.6456,-0.052000000000000046,-1.9655,265653.77,240464.0065
2889,000006.SZ,20090323,2.5473,2.7179,2.4982,2.6456,2.5733,0.07229999999999981,2.8096,248760.6,227658.5268
2890,000006.SZ,20090320,2.5936,2.6341,2.4721,2.5733,2.6109,-0.037599999999999856,-1.4401,219112.06,192801.8635
2891,000006.SZ,20090319,2.5271,2.6283,2.5155,2.6109,2.5444,0.0665,2.6136,189193.19,168983.6639
2892,000006.SZ,20090318,2.5907,2.6716,2.5386,2.5444,2.5329,0.011499999999999844,0.454,293060.01,264374.069
2893,000006.SZ,20090317,2.3073,2.5329,2.3015,2.5329,2.3015,0.23140000000000027,10.0543,283314.2,240060.7476
2894,000006.SZ,20090316,2.2293,2.3276,2.1946,2.3015,2.2582,0.043299999999999894,1.9175,110018.98,86855.7759
2895,000006.SZ,20090313,2.3073,2.3854,2.2582,2.2582,2.3247,-0.0665,-2.8606,135855.08,108633.7384
2896,000006.SZ,20090312,2.2929,2.3565,2.1396,2.3247,2.316,0.008700000000000152,0.3756,230021.89,178380.2868
2897,000006.SZ,20090311,2.4201,2.449,2.29,2.316,2.397,-0.08099999999999996,-3.3792,227977.7,185752.1997
2898,000006.SZ,20090310,2.2206,2.3999,2.1541,2.397,2.2119,0.18509999999999982,8.3684,224533.39,175062.6852
2899,000006.SZ,20090309,2.3362,2.4837,2.2119,2.2119,2.3247,-0.11280000000000001,-4.8522,288178.55,234902.6891
2900,000006.SZ,20090306,2.3449,2.4779,2.2842,2.3247,2.3941,-0.0693999999999999,-2.8988,228766.25,188466.9768
2901,000006.SZ,20090305,2.423,2.4519,2.3276,2.3941,2.3536,0.04049999999999976,1.7208,371729.11,306241.3258
2902,000006.SZ,20090304,2.183,2.3536,2.183,2.3536,2.1396,0.21399999999999997,10.0019,406680.44,326335.6064
2903,000006.SZ,20090303,2.0529,2.2148,2.024,2.1396,2.0471,0.09250000000000025,4.5186,312183.24,230290.9942
2904,000006.SZ,20090302,1.7956,2.0471,1.7956,2.0471,1.8621,0.18499999999999983,9.935,233103.68,161702.02
2905,000006.SZ,20090227,2.0211,2.0673,1.8621,1.8621,2.0673,-0.20519999999999983,-9.926,173310.74,117101.9658
2906,000006.SZ,20090226,2.0963,2.2148,1.9835,2.0673,2.0789,-0.011600000000000055,-0.558,396392.07,294883.845
2907,000006.SZ,20090225,2.024,2.1107,2.0124,2.0789,2.0298,0.049100000000000144,2.419,342788.91,244248.959
2908,000006.SZ,20090224,1.9806,2.1859,1.9401,2.0298,2.0095,0.020299999999999763,1.0102,448284.19,324825.2596
2909,000006.SZ,20090223,1.9112,2.0211,1.9112,2.0095,1.8823,0.12719999999999998,6.7577,243429.93,166594.3694
2910,000006.SZ,20090220,1.8505,1.8852,1.7956,1.8823,1.8476,0.034700000000000175,1.8781,118297.94,75427.8305
2911,000006.SZ,20090219,1.836,1.8649,1.7927,1.8476,1.8042,0.04339999999999988,2.4055,117296.65,74345.7809
2912,000006.SZ,20090218,1.9025,1.9228,1.7984,1.8042,1.9401,-0.1358999999999999,-7.0048,203157.1,131433.6399
2913,000006.SZ,20090217,2.0529,2.0529,1.9372,1.9401,2.076,-0.13590000000000013,-6.5462,259944.18,178171.8999
2914,000006.SZ,20090216,2.0991,2.1454,2.0124,2.076,2.0876,-0.011600000000000055,-0.5557,296856.79,211495.3867
2915,000006.SZ,20090213,1.9864,2.0991,1.969,2.0876,1.9864,0.10120000000000018,5.0946,358216.07,253931.3275
2916,000006.SZ,20090212,1.9546,1.9922,1.8331,1.9864,1.9517,0.03469999999999995,1.7779,254486.41,168249.5527
2917,000006.SZ,20090211,1.8649,2.0326,1.8447,1.9517,1.9083,0.04339999999999988,2.2743,421841.52,285136.0712
2918,000006.SZ,20090210,1.7984,1.9083,1.758,1.9083,1.8071,0.10120000000000018,5.6001,357369.19,230433.2383
2919,000006.SZ,20090209,1.8042,1.836,1.7493,1.8071,1.7753,0.03179999999999983,1.7912,278729.13,172459.4326
2920,000006.SZ,20090206,1.6741,1.7898,1.6741,1.7753,1.6683,0.1070000000000002,6.4137,248274.48,150330.1512
2921,000006.SZ,20090205,1.7088,1.7782,1.6423,1.6683,1.7001,-0.03180000000000005,-1.8705,275819.46,164727.9518
2922,000006.SZ,20090204,1.6423,1.703,1.6394,1.7001,1.6365,0.06359999999999988,3.8863,217375.5,125399.8303
2923,000006.SZ,20090203,1.57,1.6423,1.5527,1.6365,1.5758,0.060699999999999976,3.852,196949.6,109092.2924
2924,000006.SZ,20090202,1.5874,1.5903,1.5295,1.5758,1.5845,-0.00869999999999993,-0.5491,109049.39,58706.2137
2925,000006.SZ,20090122,1.5845,1.5874,1.5527,1.5845,1.5671,0.017400000000000082,1.1103,77073.04,41944.0638
2926,000006.SZ,20090121,1.5353,1.5787,1.5151,1.5671,1.5527,0.014399999999999968,0.9274,91914.25,49297.9239
2927,000006.SZ,20090120,1.5758,1.5816,1.5151,1.5527,1.5729,-0.020199999999999996,-1.2843,82768.48,44121.7453
2928,000006.SZ,20090119,1.6163,1.6394,1.544,1.5729,1.5903,-0.017400000000000082,-1.0941,96933.81,53570.4077
2929,000006.SZ,20090116,1.5556,1.6307,1.5556,1.5903,1.5527,0.03760000000000008,2.4216,129108.78,71182.1245
2930,000006.SZ,20090115,1.5295,1.5787,1.5209,1.5527,1.544,0.00869999999999993,0.5635,94741.83,50945.596
2931,000006.SZ,20090114,1.4804,1.544,1.4746,1.544,1.4862,0.057800000000000074,3.8891,62394.49,32842.851
2932,000006.SZ,20090113,1.5122,1.518,1.4862,1.4862,1.5353,-0.049100000000000144,-3.1981,51656.79,26797.1953
2933,000006.SZ,20090112,1.5267,1.5469,1.4948,1.5353,1.5324,0.0029000000000001247,0.1892,91658.16,48297.7354
2934,000006.SZ,20090109,1.518,1.5411,1.4862,1.5324,1.518,0.014399999999999968,0.9486,78837.93,41484.9141
2935,000006.SZ,20090108,1.518,1.544,1.4602,1.518,1.5469,-0.028899999999999926,-1.8683,86533.99,45195.6898
2936,000006.SZ,20090107,1.5556,1.596,1.544,1.5469,1.5585,-0.011600000000000055,-0.7443,75166.21,40763.0913
2937,000006.SZ,20090106,1.4977,1.5585,1.4833,1.5585,1.4977,0.060799999999999965,4.0596,76364.59,40439.5213
2938,000006.SZ,20090105,1.4544,1.5006,1.4457,1.4977,1.4255,0.07220000000000004,5.0649,51836.39,26503.7116
2939,000006.SZ,20081231,1.4659,1.4977,1.4226,1.4255,1.4775,-0.052000000000000046,-3.5195,67692.24,33858.8259
2940,000006.SZ,20081230,1.5267,1.5585,1.4746,1.4775,1.5295,-0.052000000000000046,-3.3998,60757.78,31810.0319
2941,000006.SZ,20081226,1.5556,1.5874,1.518,1.5295,1.5295,0.0,0.0,77214.0,41389.0985
2942,000006.SZ,20081225,1.518,1.5613,1.4717,1.5295,1.5267,0.0028000000000001357,0.1834,75866.48,39964.0363
2943,000006.SZ,20081224,1.6134,1.6192,1.5064,1.5267,1.6423,-0.11560000000000015,-7.0389,111599.59,60663.2069
2944,000006.SZ,20081223,1.7695,1.7695,1.6279,1.6423,1.7348,-0.0924999999999998,-5.332,181597.7,105365.5812
2945,000006.SZ,20081222,1.8418,1.8418,1.703,1.7348,1.8274,-0.09260000000000002,-5.0673,189866.65,114853.8291
2946,000006.SZ,20081219,1.836,1.8736,1.7782,1.8274,1.8389,-0.011500000000000066,-0.6254,145844.04,91771.9068
2947,000006.SZ,20081218,1.8852,1.8939,1.7695,1.8389,1.8505,-0.011600000000000055,-0.6269,285579.88,181522.7233
2948,000006.SZ,20081217,1.7551,1.8939,1.7348,1.8505,1.7666,0.08390000000000009,4.7492,352879.69,221699.2386
2949,000006.SZ,20081216,1.6741,1.7753,1.6047,1.7666,1.6741,0.09250000000000003,5.5254,270723.51,160136.8446
2950,000006.SZ,20081215,1.6192,1.6828,1.5845,1.6741,1.5903,0.08379999999999987,5.2694,146265.39,83004.8204
2951,000006.SZ,20081212,1.5903,1.677,1.5642,1.5903,1.6394,-0.04909999999999992,-2.995,169918.07,95457.5824
2952,000006.SZ,20081211,1.6163,1.7291,1.5932,1.6394,1.6192,0.020199999999999996,1.2475,265502.48,153501.3505
2953,000006.SZ,20081210,1.5353,1.6307,1.5353,1.6192,1.5585,0.060699999999999976,3.8948,135594.44,74498.8568
2954,000006.SZ,20081209,1.6221,1.6452,1.5469,1.5585,1.6163,-0.057800000000000074,-3.5761,158111.02,86703.1964
2955,000006.SZ,20081208,1.596,1.6539,1.5758,1.6163,1.5613,0.05500000000000016,3.5227,243364.01,136537.5524
2956,000006.SZ,20081205,1.4746,1.5758,1.4717,1.5613,1.4804,0.08089999999999997,5.4647,212100.64,112697.0718
2957,000006.SZ,20081204,1.5324,1.5729,1.4804,1.4804,1.5064,-0.026000000000000023,-1.726,241039.62,127898.2215
2958,000006.SZ,20081203,1.463,1.5122,1.4486,1.5064,1.4428,0.06359999999999988,4.4081,146279.94,75135.0364
2959,000006.SZ,20081202,1.4081,1.4717,1.3936,1.4428,1.4602,-0.01739999999999986,-1.1916,95516.25,47656.771
2960,000006.SZ,20081201,1.437,1.4717,1.4023,1.4602,1.4399,0.020299999999999985,1.4098,95531.41,47692.8765
2961,000006.SZ,20081128,1.492,1.518,1.4341,1.4399,1.544,-0.10410000000000008,-6.7422,218167.84,110749.028
2962,000006.SZ,20081127,1.5903,1.5903,1.5238,1.544,1.4457,0.09830000000000005,6.7995,441425.76,241915.5099
2963,000006.SZ,20081126,1.4052,1.4833,1.3734,1.4457,1.4052,0.04049999999999998,2.8822,93624.13,46704.3714
2964,000006.SZ,20081125,1.4544,1.4775,1.3647,1.4052,1.4226,-0.017400000000000082,-1.2231,91315.68,45053.9128
2965,000006.SZ,20081124,1.5006,1.5469,1.4197,1.4226,1.5498,-0.12719999999999998,-8.2075,173380.03,88221.2629
2966,000006.SZ,20081121,1.3879,1.596,1.3561,1.5498,1.4602,0.08960000000000012,6.1361,289446.07,150602.5405
2967,000006.SZ,20081120,1.3705,1.5093,1.3532,1.4602,1.4081,0.052100000000000035,3.7,225391.56,113162.7145
2968,000006.SZ,20081119,1.304,1.4312,1.2953,1.4081,1.3214,0.0867,6.5612,90786.37,42936.0826
2969,000006.SZ,20081118,1.4515,1.4602,1.3214,1.3214,1.4688,-0.1474000000000002,-10.0354,129351.1,61858.938
2970,000006.SZ,20081117,1.3821,1.4717,1.359,1.4688,1.3936,0.07520000000000016,5.3961,156197.38,77302.0831
2971,000006.SZ,20081114,1.3387,1.3994,1.3185,1.3936,1.3156,0.07799999999999985,5.9289,152297.56,72231.7993
2972,000006.SZ,20081113,1.2433,1.3445,1.2317,1.3156,1.2635,0.052100000000000035,4.1235,99668.19,44840.5302
2973,000006.SZ,20081112,1.2173,1.2751,1.2144,1.2635,1.2462,0.017300000000000093,1.3882,54812.16,23618.7254
2974,000006.SZ,20081111,1.2664,1.33,1.2317,1.2462,1.2635,-0.017300000000000093,-1.3692,101423.4,45001.0189
2975,000006.SZ,20081110,1.2115,1.2664,1.1913,1.2635,1.1826,0.08089999999999997,6.8409,79574.66,33979.6392
2976,000006.SZ,20081107,1.1566,1.1913,1.1421,1.1826,1.171,0.011600000000000055,0.9906,26557.05,10815.5037
2977,000006.SZ,20081106,1.1652,1.1797,1.1566,1.171,1.197,-0.026000000000000023,-2.1721,24334.1,9802.6567
2978,000006.SZ,20081105,1.171,1.2086,1.1652,1.197,1.1594,0.03760000000000008,3.2431,43922.33,18080.5565
2979,000006.SZ,20081104,1.1826,1.2028,1.1566,1.1594,1.2028,-0.043400000000000105,-3.6082,31986.66,12970.662
2980,000006.SZ,20081103,1.1797,1.2346,1.1594,1.2028,1.1421,0.0607000000000002,5.3148,68694.52,28709.6556
2981,000006.SZ,20081031,1.1797,1.1826,1.1276,1.1421,1.1768,-0.034700000000000175,-2.9487,28520.49,11338.0273
2982,000006.SZ,20081030,1.1884,1.1941,1.1594,1.1768,1.1623,0.014499999999999957,1.2475,32419.85,13212.2593
2983,000006.SZ,20081029,1.2173,1.2288,1.1594,1.1623,1.2028,-0.04049999999999998,-3.3671,43686.73,17918.9847
2984,000006.SZ,20081028,1.1334,1.2288,1.1219,1.2028,1.1797,0.02310000000000012,1.9581,47091.46,19250.7175
2985,000006.SZ,20081027,1.2809,1.2809,1.1797,1.1797,1.3098,-0.1301000000000001,-9.9328,65279.47,27154.4772
2986,000006.SZ,20081024,1.3705,1.3821,1.2896,1.3098,1.385,-0.07519999999999993,-5.4296,41761.47,19238.9332
2987,000006.SZ,20081023,1.3705,1.4023,1.33,1.385,1.3445,0.04049999999999998,3.0123,50626.12,23891.9348
2988,000006.SZ,20081022,1.3965,1.4081,1.33,1.3445,1.4168,-0.07230000000000003,-5.103,60230.95,28590.6286
2989,000006.SZ,20081021,1.4602,1.4659,1.4168,1.4168,1.4457,-0.028899999999999926,-1.999,59571.4,29595.0952
2990,000006.SZ,20081020,1.3994,1.4544,1.3532,1.4457,1.3879,0.057800000000000074,4.1646,74266.03,36417.0109
2991,000006.SZ,20081017,1.3879,1.4139,1.3503,1.3879,1.3705,0.01739999999999986,1.2696,55412.47,26461.2661
2992,000006.SZ,20081016,1.3387,1.4457,1.3156,1.3705,1.4168,-0.04630000000000001,-3.2679,87514.87,41482.492
2993,000006.SZ,20081015,1.3879,1.4573,1.3445,1.4168,1.4312,-0.014399999999999968,-1.0061,71877.68,35046.9006
2994,000006.SZ,20081014,1.4457,1.5035,1.4168,1.4312,1.3965,0.03469999999999995,2.4848,103981.62,52620.4234
2995,000006.SZ,20081013,1.3271,1.4139,1.2693,1.3965,1.3329,0.0636000000000001,4.7716,58753.41,27308.4462
2996,000006.SZ,20081010,1.4139,1.4139,1.33,1.3329,1.4515,-0.11860000000000004,-8.1709,48693.46,22918.0811
2997,000006.SZ,20081009,1.5093,1.5238,1.4399,1.4515,1.4486,0.0028999999999999027,0.2002,72601.68,37035.5926
2998,000006.SZ,20081008,1.4544,1.5006,1.4226,1.4486,1.4977,-0.04909999999999992,-3.2784,68374.48,34572.895
2999,000006.SZ,20081007,1.3618,1.544,1.3618,1.4977,1.4602,0.03750000000000009,2.5681,107120.83,54741.0799
3000,000006.SZ,20081006,1.4804,1.5122,1.4515,1.4602,1.4428,0.01739999999999986,1.206,112980.23,57915.9551
3001,000006.SZ,20080925,1.3821,1.4891,1.3821,1.4428,1.3879,0.05490000000000017,3.9556,80474.03,40225.0279
3002,000006.SZ,20080924,1.3734,1.3879,1.3214,1.3879,1.3879,0.0,0.0,30759.03,14324.834
3003,000006.SZ,20080923,1.463,1.463,1.3879,1.3879,1.5295,-0.14160000000000017,-9.2579,67164.55,32838.5987
3004,000006.SZ,20080922,1.5556,1.5989,1.4688,1.5295,1.4544,0.07510000000000017,5.1636,137085.82,73398.1321
3005,000006.SZ,20080919,1.4544,1.4544,1.4023,1.4544,1.3214,0.133,10.0651,53149.13,26651.6528
3006,000006.SZ,20080918,1.33,1.3792,1.2404,1.3214,1.3676,-0.04620000000000002,-3.3782,54294.44,24333.3917
3007,000006.SZ,20080917,1.4486,1.4833,1.3647,1.3676,1.4775,-0.10990000000000011,-7.4382,35424.44,17385.8203
3008,000006.SZ,20080916,1.4717,1.4862,1.4312,1.4775,1.437,0.04049999999999998,2.8184,74410.34,37542.3544
3009,000006.SZ,20080912,1.4255,1.4717,1.4255,1.437,1.4312,0.005800000000000027,0.4053,24868.77,12435.3772
3010,000006.SZ,20080911,1.4977,1.5064,1.4255,1.4312,1.5295,-0.09830000000000005,-6.4269,38561.2,19427.2241
3011,000006.SZ,20080910,1.5295,1.57,1.4948,1.5295,1.5324,-0.0028999999999999027,-0.1892,24472.25,13031.2941
3012,000006.SZ,20080909,1.5469,1.57,1.4891,1.5324,1.5295,0.0028999999999999027,0.1896,32147.62,16983.0715
3013,000006.SZ,20080908,1.6654,1.6828,1.5267,1.5295,1.6683,-0.1387999999999998,-8.3198,34976.13,19238.4305
3014,000006.SZ,20080905,1.7204,1.7348,1.6625,1.6683,1.7522,-0.08390000000000009,-4.7883,37758.44,22138.6536
3015,000006.SZ,20080904,1.7348,1.7927,1.7117,1.7522,1.7377,0.014499999999999957,0.8344,26625.22,16153.5676
3016,000006.SZ,20080903,1.7637,1.7724,1.703,1.7377,1.7609,-0.023199999999999887,-1.3175,31879.11,19129.0612
3017,000006.SZ,20080902,1.7262,1.7782,1.7262,1.7609,1.7493,0.011599999999999833,0.6631,20473.26,12435.3264
3018,000006.SZ,20080901,1.7984,1.8042,1.7348,1.7493,1.8274,-0.07809999999999984,-4.2738,39567.14,24149.598
3019,000006.SZ,20080829,1.7695,1.8707,1.7493,1.8274,1.758,0.0693999999999999,3.9477,72838.28,45602.0331
3020,000006.SZ,20080828,1.7551,1.7984,1.7348,1.758,1.7637,-0.005700000000000038,-0.3232,21356.3,13004.1667
3021,000006.SZ,20080827,1.7522,1.81,1.7204,1.7637,1.7637,0.0,0.0,28256.88,17238.1292
3022,000006.SZ,20080826,1.8245,1.8534,1.7291,1.7637,1.8216,-0.05790000000000006,-3.1785,33916.45,20909.617
3023,000006.SZ,20080825,1.8274,1.8592,1.7811,1.8216,1.8216,0.0,0.0,19165.63,12096.4063
3024,000006.SZ,20080822,1.8881,1.9083,1.8042,1.8216,1.8852,-0.06359999999999988,-3.3736,34369.31,21817.5939
3025,000006.SZ,20080821,1.9922,2.024,1.8852,1.8852,2.0269,-0.14169999999999994,-6.991,55512.08,37478.8152
3026,000006.SZ,20080820,1.8216,2.0269,1.7637,2.0269,1.8534,0.1735,9.3612,81546.33,54968.0151
3027,000006.SZ,20080819,1.7666,1.8649,1.758,1.8534,1.9546,-0.10119999999999996,-5.1775,50329.92,31624.8172
3028,000006.SZ,20080815,1.9633,2.0095,1.9517,1.9546,1.9893,-0.034700000000000175,-1.7443,26452.24,18083.4874
3029,000006.SZ,20080814,1.9517,2.0182,1.9401,1.9893,1.9806,0.008700000000000152,0.4393,30908.96,21329.2915
3030,000006.SZ,20080813,1.917,2.0153,1.8447,1.9806,1.9257,0.05489999999999995,2.8509,44857.99,29989.377
3031,000006.SZ,20080812,1.8736,1.9633,1.836,1.9257,1.8996,0.026100000000000012,1.374,48637.22,32110.5699
3032,000006.SZ,20080811,2.0905,2.1252,1.8996,1.8996,2.1107,-0.21110000000000007,-10.0014,62507.92,42892.1009
3033,000006.SZ,20080808,2.3189,2.3362,2.0991,2.1107,2.3189,-0.20820000000000016,-8.9784,55061.14,41816.367
3034,000006.SZ,20080807,2.2842,2.3565,2.2784,2.3189,2.3102,0.008700000000000152,0.3766,29384.22,23596.4521
3035,000006.SZ,20080806,2.3652,2.3999,2.2697,2.3102,2.3594,-0.04919999999999991,-2.0853,42280.34,34020.5192
3036,000006.SZ,20080805,2.4577,2.5155,2.3594,2.3594,2.4837,-0.12429999999999986,-5.0046,47986.63,39977.109
3037,000006.SZ,20080804,2.5647,2.5647,2.4721,2.4837,2.5647,-0.0810000000000004,-3.1583,50988.38,44312.7095
3038,000006.SZ,20080801,2.4577,2.5965,2.4374,2.5647,2.4721,0.09260000000000002,3.7458,50461.69,43857.6801
3039,000006.SZ,20080731,2.6109,2.6196,2.4664,2.4721,2.5878,-0.11569999999999991,-4.471,56095.09,48605.8591
3040,000006.SZ,20080730,2.6427,2.6688,2.5647,2.5878,2.608,-0.020199999999999996,-0.7745,49921.63,45040.524
3041,000006.SZ,20080729,2.6601,2.6601,2.5762,2.608,2.6948,-0.08679999999999977,-3.221,76117.62,68666.3059
3042,000006.SZ,20080728,2.7034,2.796,2.6601,2.6948,2.6572,0.037599999999999856,1.415,120467.82,113858.044
3043,000006.SZ,20080725,2.6861,2.7439,2.6427,2.6572,2.741,-0.0838000000000001,-3.0573,103974.83,96408.6006
3044,000006.SZ,20080724,2.5936,2.7584,2.5936,2.741,2.5733,0.16769999999999996,6.5169,148526.65,138570.3001
3045,000006.SZ,20080723,2.6283,2.6572,2.5589,2.5733,2.6254,-0.05209999999999981,-1.9845,75291.31,67848.772
3046,000006.SZ,20080722,2.663,2.7179,2.582,2.6254,2.6369,-0.011499999999999844,-0.4361,101215.4,93095.8738
3047,000006.SZ,20080721,2.4577,2.6485,2.4288,2.6369,2.4577,0.1791999999999998,7.2914,99577.68,88489.0927
3048,000006.SZ,20080718,2.3999,2.4924,2.3131,2.4577,2.3652,0.0924999999999998,3.9109,62647.71,52544.5429
3049,000006.SZ,20080717,2.4143,2.4721,2.342,2.3652,2.3565,0.008700000000000152,0.3692,79821.85,66731.8965
3050,000006.SZ,20080716,2.5444,2.5444,2.342,2.3565,2.5907,-0.23419999999999996,-9.04,98183.74,82434.784
3051,000006.SZ,20080715,2.7642,2.8249,2.5676,2.5907,2.7121,-0.12139999999999995,-4.4762,138144.21,127767.3065
3052,000006.SZ,20080714,2.6225,2.741,2.6022,2.7121,2.6774,0.03469999999999995,1.296,71817.75,66730.1234
3053,000006.SZ,20080711,2.7468,2.8046,2.6254,2.6774,2.8018,-0.12440000000000007,-4.44,117351.86,108878.1022
3054,000006.SZ,20080710,2.7902,2.9723,2.7179,2.8018,2.8307,-0.028900000000000148,-1.0209,232689.31,226665.6229
3055,000006.SZ,20080709,2.6341,2.8654,2.6109,2.8307,2.6312,0.1995,7.5821,209883.73,202613.0576
3056,000006.SZ,20080708,2.4837,2.6745,2.4288,2.6312,2.4808,0.1504000000000003,6.0626,171059.27,150222.7869
3057,000006.SZ,20080707,2.316,2.5011,2.2929,2.4808,2.316,0.16480000000000006,7.1157,104164.51,87582.5372
3058,000006.SZ,20080704,2.2726,2.4114,2.2726,2.316,2.2987,0.01729999999999965,0.7526,88585.41,71925.3979
3059,000006.SZ,20080703,2.1685,2.3507,2.1136,2.2987,2.1975,0.1012000000000004,4.6052,85639.97,66848.8142
3060,000006.SZ,20080702,2.1628,2.2524,2.1541,2.1975,2.1656,0.03189999999999982,1.473,36296.5,27732.2822
3061,000006.SZ,20080701,2.2611,2.2929,2.1483,2.1656,2.2264,-0.060799999999999965,-2.7309,36412.32,27714.2802
3062,000006.SZ,20080630,2.2206,2.3015,2.1483,2.2264,2.2495,-0.0230999999999999,-1.0269,50846.01,39198.701
3063,000006.SZ,20080627,2.3594,2.368,2.2119,2.2495,2.4577,-0.20820000000000016,-8.4713,111405.65,87517.691
3064,000006.SZ,20080626,2.3999,2.5386,2.3767,2.4577,2.4201,0.037599999999999856,1.5537,153826.98,131512.97
3065,000006.SZ,20080625,2.1975,2.4201,2.1685,2.4201,2.2003,0.21980000000000022,9.9895,141589.63,113888.7503
3066,000006.SZ,20080624,2.0673,2.2524,2.0673,2.2003,2.0731,0.12719999999999976,6.1357,85992.16,64837.4792
3067,000006.SZ,20080623,2.1107,2.1656,2.0384,2.0731,2.1425,-0.0693999999999999,-3.2392,43226.6,31353.8775
3068,000006.SZ,20080620,2.076,2.2668,2.0037,2.1425,2.1136,0.028900000000000148,1.3673,107642.24,79384.4003
3069,000006.SZ,20080619,2.3189,2.3189,2.1136,2.1136,2.3478,-0.23419999999999996,-9.9753,81579.76,61655.5958
3070,000006.SZ,20080618,2.1975,2.368,2.1049,2.3478,2.2408,0.10699999999999976,4.7751,97256.65,76097.8883
3071,000006.SZ,20080617,2.4317,2.4461,2.2322,2.2408,2.4317,-0.19090000000000007,-7.8505,70225.33,56291.4089
3072,000006.SZ,20080616,2.5155,2.5502,2.3796,2.4317,2.5155,-0.08379999999999965,-3.3313,57734.82,49156.2973
3073,000006.SZ,20080613,2.6803,2.6948,2.5155,2.5155,2.7063,-0.1908000000000003,-7.0502,57449.41,51213.6976
3074,000006.SZ,20080612,2.7034,2.7815,2.5849,2.7063,2.8711,-0.16480000000000006,-5.74,109200.65,100654.9386
3075,000006.SZ,20080610,2.9348,3.0302,2.8711,2.8711,3.1892,-0.3180999999999998,-9.9743,59002.98,59407.0204
3076,000006.SZ,20080606,3.2268,3.2962,3.1661,3.1892,3.2181,-0.028900000000000148,-0.898,38830.78,43279.9866
3077,000006.SZ,20080605,3.302,3.3222,3.2094,3.2181,3.354,-0.1358999999999999,-4.0519,63027.49,70599.7209
3078,000006.SZ,20080604,3.2759,3.4003,3.2412,3.354,3.2759,0.07810000000000006,2.3841,79373.09,91152.8021
3079,000006.SZ,20080603,3.2528,3.3482,3.2326,3.2759,3.2615,0.01440000000000019,0.4415,56394.87,63847.503
3080,000006.SZ,20080602,3.3482,3.3511,3.247,3.2615,3.3424,-0.0809000000000002,-2.4204,57570.17,65210.6915
3081,000006.SZ,20080530,3.4003,3.4292,3.2817,3.3424,3.4003,-0.05790000000000006,-1.7028,59435.64,68772.0543
3082,000006.SZ,20080529,3.5159,3.542,3.4003,3.4003,3.5217,-0.12139999999999995,-3.4472,73554.07,88159.6524
3083,000006.SZ,20080528,3.4523,3.5477,3.4118,3.5217,3.4465,0.07520000000000016,2.1819,78846.6,95714.4347
3084,000006.SZ,20080527,3.4089,3.4957,3.3482,3.4465,3.4147,0.03180000000000005,0.9313,57559.2,68393.6643
3085,000006.SZ,20080526,3.4176,3.5709,3.2962,3.4147,3.4697,-0.05500000000000016,-1.5852,86842.13,102535.1392
3086,000006.SZ,20080523,3.5101,3.5564,3.4263,3.4697,3.5101,-0.04039999999999999,-1.151,66318.19,79704.4883
3087,000006.SZ,20080522,3.5853,3.6287,3.5015,3.5101,3.6489,-0.1387999999999998,-3.8039,84210.59,103481.6806
3088,000006.SZ,20080521,3.4841,3.6923,3.3829,3.6489,3.5275,0.12139999999999995,3.4415,120134.3,147007.7831
3089,000006.SZ,20080520,3.594,3.727,3.4408,3.5275,3.5795,-0.052000000000000046,-1.4527,117259.47,146232.6182
3090,000006.SZ,20080519,3.6316,3.6316,3.5275,3.5795,3.6692,-0.08970000000000011,-2.4447,70431.46,87076.5003
3091,000006.SZ,20080516,3.6952,3.7819,3.5564,3.6692,3.7097,-0.0405000000000002,-1.0917,118232.39,149364.8705
3092,000006.SZ,20080515,3.86,3.9872,3.6721,3.7097,3.8166,-0.1069,-2.8009,217560.4,289373.715
3093,000006.SZ,20080514,3.4697,3.8484,3.461,3.8166,3.4986,0.31800000000000006,9.0894,214289.01,274011.5488
3094,000006.SZ,20080513,3.6431,3.7501,3.4408,3.4986,3.6894,-0.19079999999999986,-5.1716,160154.57,200094.694
3095,000006.SZ,20080512,3.6547,3.8022,3.513,3.6894,3.7443,-0.05489999999999995,-1.4662,154299.94,195226.7009
3096,000006.SZ,20080509,3.9467,4.0046,3.6431,3.7443,3.9381,-0.19379999999999997,-4.9212,200768.13,262386.195
3097,000006.SZ,20080508,3.7443,3.9496,3.5998,3.9381,3.8166,0.12149999999999972,3.1835,210930.18,277016.2387
3098,000006.SZ,20080507,3.9323,4.0797,3.8166,3.8166,3.9959,-0.17929999999999957,-4.4871,209635.15,287700.7161
3099,000006.SZ,20080506,4.0913,4.0942,3.9583,3.9959,4.1318,-0.13590000000000035,-3.2891,216847.48,301594.621
3100,000006.SZ,20080505,4.0335,4.1491,3.9612,4.1318,3.9496,0.18219999999999992,4.6131,441150.49,620743.0749
3101,000006.SZ,20080430,3.594,3.9496,3.594,3.9496,3.5911,0.35850000000000026,9.983,415936.73,559595.8614
3102,000006.SZ,20080429,3.4697,3.6721,3.4465,3.5911,3.6431,-0.052000000000000046,-1.4274,146549.75,181018.2232
3103,000006.SZ,20080428,3.5997,3.784,3.4716,3.6429,3.5839,0.05900000000000016,1.6463,198841.79,505085.6009
3104,000006.SZ,20080425,3.3521,3.5839,3.27,3.5839,3.2585,0.3253999999999997,9.9862,182834.1,440817.807
3105,000006.SZ,20080424,3.2585,3.2585,3.1677,3.2585,2.9618,0.29669999999999996,10.0176,149479.69,338039.0938
3106,000006.SZ,20080423,2.7358,2.9618,2.6955,2.9618,2.6926,0.2692000000000001,9.9978,53845.03,107959.9182
3107,000006.SZ,20080422,2.5328,2.7041,2.504,2.6926,2.4752,0.21740000000000004,8.7831,54350.57,97973.8384
3108,000006.SZ,20080421,2.9014,2.9748,2.4752,2.4752,2.7502,-0.2749999999999999,-9.9993,61433.72,112421.0078
3109,000006.SZ,20080417,2.8783,2.9518,2.7214,2.7502,2.8582,-0.1080000000000001,-3.7786,19315.87,37987.1332
3110,000006.SZ,20080416,2.995,2.995,2.8236,2.8582,2.995,-0.13680000000000003,-4.5676,20346.2,40877.2469
3111,000006.SZ,20080415,3.067,3.0799,2.8668,2.995,3.1102,-0.11519999999999975,-3.7039,29592.14,60370.6154
3112,000006.SZ,20080414,3.3593,3.3693,3.1102,3.1102,3.4557,-0.34550000000000036,-9.998,33754.29,75100.7721
3113,000006.SZ,20080411,3.496,3.5695,3.424,3.4557,3.4701,-0.014399999999999746,-0.415,35068.5,85025.4584
3114,000006.SZ,20080410,3.2959,3.4701,3.2397,3.4701,3.3233,0.14679999999999982,4.4173,18872.74,44006.5555
3115,000006.SZ,20080409,3.4557,3.5536,3.3146,3.3233,3.4701,-0.14679999999999982,-4.2304,23112.21,55097.408
3116,000006.SZ,20080408,3.3117,3.4888,3.3117,3.4701,3.3665,0.10360000000000014,3.0774,23786.07,56357.8955
3117,000006.SZ,20080407,3.1102,3.3895,2.9878,3.3665,3.1548,0.2117,6.7104,20171.63,45846.5024
3118,000006.SZ,20080403,3.0194,3.1922,2.851,3.1548,3.0382,0.11660000000000004,3.8378,18228.95,38416.7379
3119,000006.SZ,20080402,3.2714,3.3405,2.995,3.0382,3.2397,-0.20150000000000023,-6.2197,29759.16,66112.061
3120,000006.SZ,20080401,3.5277,3.5666,3.2354,3.2397,3.5234,-0.28370000000000006,-8.0519,28459.64,66344.8097
3121,000006.SZ,20080331,3.5205,3.6703,3.4428,3.5234,3.5234,0.0,0.0,41227.4,102255.6418
3122,000006.SZ,20080328,3.3693,3.5493,3.1821,3.5234,3.3693,0.15410000000000013,4.5737,43193.36,102109.1172
3123,000006.SZ,20080327,3.2685,3.4384,3.2225,3.3693,3.2973,0.07200000000000006,2.1836,25397.12,59406.187
3124,000006.SZ,20080326,3.2901,3.3593,3.2196,3.2973,3.2757,0.02159999999999984,0.6594,9724.64,22375.1353
3125,000006.SZ,20080325,3.0526,3.3333,3.0266,3.2757,3.0526,0.22310000000000008,7.3085,14059.99,31094.4533
3126,000006.SZ,20080324,3.2383,3.27,3.0382,3.0526,3.2095,-0.15689999999999982,-4.8886,14970.38,33100.0902
3127,000006.SZ,20080321,3.1677,3.293,3.113,3.2095,3.2095,0.0,0.0,13852.17,31084.9145
3128,000006.SZ,20080320,3.0094,3.2181,2.8524,3.2095,2.9374,0.2721,9.2633,20848.84,43679.7066
3129,000006.SZ,20080319,2.8337,2.9374,2.7444,2.9374,2.7358,0.2016,7.369,18711.93,37477.3308
3130,000006.SZ,20080318,2.9662,3.1202,2.6811,2.7358,2.9662,-0.23040000000000038,-7.7675,19514.16,38362.5939
3131,000006.SZ,20080317,3.1102,3.1821,2.9532,2.9662,3.1534,-0.1871999999999998,-5.9364,12646.8,27247.4834
3132,000006.SZ,20080314,3.2801,3.3117,3.067,3.1534,3.2801,-0.12670000000000003,-3.8627,15541.52,34123.3633
3133,000006.SZ,20080313,3.4154,3.4154,3.1692,3.2801,3.3981,-0.11799999999999988,-3.4725,14083.19,32194.7372
3134,000006.SZ,20080312,3.5133,3.5565,3.3693,3.3981,3.4413,-0.04320000000000013,-1.2553,7749.68,18541.4092
3135,000006.SZ,20080311,3.4025,3.4514,3.3449,3.4413,3.401,0.040300000000000225,1.1849,7324.13,17304.9934
3136,000006.SZ,20080310,3.5709,3.5709,3.3981,3.401,3.5724,-0.17140000000000022,-4.7979,11969.37,28793.3223
3137,000006.SZ,20080307,3.5133,3.6141,3.4888,3.5724,3.5565,0.015899999999999803,0.4471,12183.2,30328.2802
3138,000006.SZ,20080306,3.5997,3.6429,3.4572,3.5565,3.5767,-0.020199999999999996,-0.5648,13806.73,34052.6328
3139,000006.SZ,20080305,3.6789,3.6789,3.414,3.5767,3.6775,-0.1008,-2.741,33278.89,81123.2769
3140,000006.SZ,20080304,3.8272,3.8747,3.6516,3.6775,3.8157,-0.13819999999999988,-3.6219,17349.48,45488.335
3141,000006.SZ,20080303,3.7999,3.8287,3.7149,3.8157,3.7999,0.015800000000000036,0.4158,17339.1,45403.6858
3142,000006.SZ,20080229,3.7869,3.8171,3.7451,3.7999,3.7869,0.0129999999999999,0.3433,6859.75,18047.3058
3143,000006.SZ,20080228,3.8287,3.8301,3.7437,3.7869,3.7869,0.0,0.0,5532.76,14571.2234
3144,000006.SZ,20080227,3.7307,3.8301,3.7221,3.7869,3.7264,0.06050000000000022,1.6236,11195.49,29351.0682
3145,000006.SZ,20080226,3.7869,3.856,3.5997,3.7264,3.7149,0.011499999999999844,0.3096,10397.12,26897.6368
3146,000006.SZ,20080225,3.8877,3.9381,3.7005,3.7149,3.8877,-0.17280000000000006,-4.4448,10863.82,28609.7794
3147,000006.SZ,20080222,3.8877,3.9582,3.8128,3.8877,3.905,-0.01729999999999965,-0.443,17221.07,46301.7486
3148,000006.SZ,20080221,3.9885,4.0,3.8315,3.905,4.0029,-0.09790000000000054,-2.4457,15593.21,42293.5676
3149,000006.SZ,20080220,4.1584,4.2405,3.9741,4.0029,4.1426,-0.1396999999999995,-3.3723,23046.29,65540.373
3150,000006.SZ,20080219,4.059,4.1886,4.0346,4.1426,4.0504,0.09220000000000006,2.2763,21718.57,62424.3737
3151,000006.SZ,20080218,3.9165,4.0893,3.9165,4.0504,3.9093,0.14109999999999978,3.6093,24323.34,68083.7913
3152,000006.SZ,20080215,3.9251,3.9611,3.8315,3.9093,3.9309,-0.02159999999999984,-0.5495,11062.85,29896.0395
3153,000006.SZ,20080214,3.9597,4.0158,3.9309,3.9309,3.951,-0.02010000000000023,-0.5087,12778.2,35268.4759
3154,000006.SZ,20080213,3.8949,3.9597,3.7466,3.951,3.8949,0.05610000000000026,1.4403,10452.03,28327.7995
3155,000006.SZ,20080205,3.9381,4.013,3.8416,3.8949,3.9597,-0.06480000000000041,-1.6365,19844.82,53912.6029
3156,000006.SZ,20080204,3.7437,3.9741,3.7437,3.9597,3.6818,0.27790000000000026,7.5479,26142.04,70798.5786
3157,000006.SZ,20080201,3.7523,3.8301,3.5306,3.6818,3.7437,-0.061900000000000066,-1.6534,13830.59,35516.1083
3158,000006.SZ,20080131,3.8157,3.8805,3.7322,3.7437,3.8157,-0.07200000000000006,-1.8869,11657.5,30942.364
3159,000006.SZ,20080130,3.7581,3.8949,3.6847,3.8157,3.7581,0.057599999999999874,1.5327,18354.06,48582.7124
3160,000006.SZ,20080129,3.7869,3.9309,3.6861,3.7581,3.7725,-0.014399999999999746,-0.3817,22105.35,58870.2258
3161,000006.SZ,20080128,3.8863,3.8891,3.7279,3.7725,3.9741,-0.2016,-5.0728,27168.79,71437.8704
3162,000006.SZ,20080125,3.7523,4.0144,3.676,3.9741,3.7538,0.22029999999999994,5.8687,44519.81,119864.744
3163,000006.SZ,20080124,3.5666,3.7552,3.5565,3.7538,3.5724,0.1814,5.0778,34600.27,88056.9525
3164,000006.SZ,20080123,3.4557,3.5767,3.3693,3.5724,3.3693,0.20310000000000006,6.028,34674.87,83676.8039
3165,000006.SZ,20080122,3.5997,3.6285,3.3089,3.3693,3.6588,-0.28949999999999987,-7.9124,40082.51,95124.0518
3166,000006.SZ,20080121,3.8877,3.9021,3.6501,3.6588,3.8704,-0.21160000000000023,-5.4671,25675.85,66903.187
3167,000006.SZ,20080118,3.8747,3.9222,3.7869,3.8704,3.8661,0.0043000000000001926,0.1112,30065.08,80533.9374
3168,000006.SZ,20080117,3.9525,4.0245,3.7451,3.8661,3.9683,-0.10220000000000029,-2.5754,36112.6,97842.3311
3169,000006.SZ,20080116,4.2145,4.216,3.9251,3.9683,4.2117,-0.24340000000000028,-5.7791,66453.4,184699.8608
3170,000006.SZ,20080115,4.3557,4.3672,4.1829,4.2117,4.3672,-0.15549999999999997,-3.5606,42300.84,125617.5247
3171,000006.SZ,20080114,4.36,4.4276,4.3024,4.3672,4.3125,0.054700000000000415,1.2684,27297.88,83009.537
3172,000006.SZ,20080111,4.2952,4.3283,4.2045,4.3125,4.2837,0.02880000000000038,0.6723,27439.5,81302.9806
3173,000006.SZ,20080110,4.2333,4.3614,4.2304,4.2837,4.1944,0.08929999999999971,2.129,44785.07,133788.6367
3174,000006.SZ,20080109,4.1728,4.2837,4.1325,4.1944,4.049,0.14539999999999953,3.591,50708.87,147865.4702
3175,000006.SZ,20080108,4.1282,4.1728,4.0317,4.049,4.167,-0.11799999999999944,-2.8318,48930.21,139276.0262
3176,000006.SZ,20080107,4.0043,4.1886,4.0043,4.167,4.0029,0.16409999999999947,4.0995,48136.91,138117.433
3177,000006.SZ,20080104,3.82,4.0893,3.82,4.0029,3.8171,0.1858000000000004,4.8676,52950.46,145825.3127
3178,000006.SZ,20080103,3.8431,3.8546,3.7149,3.8171,3.8431,-0.026000000000000245,-0.6765,46606.52,121835.634
3179,000006.SZ,20080102,3.7739,3.8704,3.7163,3.8431,3.7653,0.07780000000000031,2.0662,35008.65,92376.5512
3180,000006.SZ,20071228,3.7739,3.8085,3.7221,3.7653,3.7797,-0.01440000000000019,-0.381,49180.53,128670.1141
3181,000006.SZ,20071227,3.6717,3.8143,3.6328,3.7797,3.6357,0.14400000000000013,3.9607,48380.52,126210.8832
3182,000006.SZ,20071226,3.5781,3.6429,3.545,3.6357,3.5695,0.06619999999999981,1.8546,32455.12,80989.8774
3183,000006.SZ,20071225,3.7437,3.7437,3.5421,3.5695,3.7365,-0.16699999999999982,-4.4694,63532.19,159080.8113
3184,000006.SZ,20071224,3.7581,3.7869,3.6256,3.7365,3.7581,-0.021600000000000286,-0.5748,42560.0,109397.3868
3185,000006.SZ,20071221,3.6573,3.7711,3.5853,3.7581,3.7163,0.04180000000000028,1.1248,36562.13,92688.086
3186,000006.SZ,20071220,3.5277,3.7235,3.4514,3.7163,3.5176,0.1987000000000001,5.6487,32672.42,81177.5435
3187,000006.SZ,20071219,3.5133,3.5536,3.4845,3.5176,3.45,0.06759999999999966,1.9594,14241.69,34866.9926
3188,000006.SZ,20071218,3.3751,3.4989,3.3405,3.45,3.3866,0.06340000000000012,1.8721,15004.48,35945.6993
3189,000006.SZ,20071217,3.6573,3.6659,3.3665,3.3866,3.6501,-0.26350000000000007,-7.219,43143.03,103019.5672
3190,000006.SZ,20071214,3.581,3.7106,3.5407,3.6501,3.5853,0.06479999999999997,1.8074,26943.84,68098.1723
3191,000006.SZ,20071213,3.8445,3.8445,3.5824,3.5853,3.856,-0.2706999999999997,-7.0202,44094.95,112847.1232
3192,000006.SZ,20071212,4.0605,4.0605,3.7437,3.856,4.0893,-0.23329999999999984,-5.7051,39752.45,107177.6502
3193,000006.SZ,20071211,4.1814,4.2217,4.0274,4.0893,4.1757,-0.08640000000000025,-2.0691,21040.91,59964.1606
3194,000006.SZ,20071210,4.0317,4.2189,4.0317,4.1757,4.1267,0.04900000000000038,1.1874,25243.84,72337.6129
3195,000006.SZ,20071207,4.1613,4.1613,4.0317,4.1267,4.1181,0.008599999999999497,0.2088,13116.3,37176.3083
3196,000006.SZ,20071206,4.1138,4.2131,4.0576,4.1181,4.1138,0.0042999999999997485,0.1045,17854.53,51152.3893
3197,000006.SZ,20071205,4.0677,4.1584,4.0288,4.1138,4.059,0.05480000000000018,1.3501,13728.84,39009.2156
3198,000006.SZ,20071204,4.0317,4.1426,3.9741,4.059,3.9597,0.09929999999999994,2.5078,16875.66,47921.9499
3199,000006.SZ,20071203,3.8733,4.0518,3.8445,3.9597,3.8762,0.08350000000000035,2.1542,19601.72,54013.2371
3200,000006.SZ,20071130,3.9669,4.0288,3.8445,3.8762,3.9496,-0.07340000000000035,-1.8584,16345.48,44536.2833
3201,000006.SZ,20071129,3.9165,4.0029,3.8229,3.9496,3.8704,0.07920000000000016,2.0463,40519.88,109891.2765
3202,000006.SZ,20071128,3.9986,4.0677,3.8589,3.8704,4.0317,-0.16129999999999978,-4.0008,22349.64,61781.2101
3203,000006.SZ,20071127,4.2174,4.2174,4.0029,4.0317,4.2477,-0.2160000000000002,-5.0851,23709.66,67253.8846
3204,000006.SZ,20071126,4.3557,4.4492,4.2477,4.2477,4.3269,-0.07920000000000016,-1.8304,13523.81,40761.6923
3205,000006.SZ,20071123,4.2491,4.4075,4.2491,4.3269,4.3485,-0.021599999999999397,-0.4967,13277.71,39982.5782
3206,000006.SZ,20071122,4.5572,4.5572,4.3485,4.3485,4.5803,-0.23180000000000067,-5.0608,9882.99,30445.9956
3207,000006.SZ,20071121,4.6911,4.7487,4.576,4.5803,4.6508,-0.07050000000000001,-1.5159,9326.98,30075.1856
3208,000006.SZ,20071120,4.4348,4.6825,4.3917,4.6508,4.4665,0.18430000000000035,4.1263,15711.87,50092.1381
3209,000006.SZ,20071119,4.6782,4.694,4.4636,4.4665,4.6782,-0.21170000000000044,-4.5252,30244.55,96237.2103
3210,000006.SZ,20071116,4.766,4.766,4.5788,4.6782,4.7617,-0.08349999999999991,-1.7536,16951.99,54839.4541
3211,000006.SZ,20071115,4.7963,4.8798,4.7617,4.7617,4.7948,-0.03310000000000013,-0.6903,13802.42,46209.1077
3212,000006.SZ,20071114,4.7228,4.8236,4.7027,4.7948,4.7444,0.050400000000000666,1.0623,14255.83,47293.6204
3213,000006.SZ,20071113,4.7948,4.8596,4.6796,4.7444,4.7948,-0.050400000000000666,-1.0511,21167.22,69838.6586
3214,000006.SZ,20071112,4.8495,4.8495,4.6624,4.7948,4.766,0.02880000000000038,0.6043,19950.11,65871.1879
3215,000006.SZ,20071109,4.5428,4.8236,4.5068,4.766,4.5904,0.1756000000000002,3.8254,34524.6,112819.6213
3216,000006.SZ,20071108,4.8956,4.8956,4.5788,4.5904,4.8956,-0.30520000000000014,-6.2342,29533.57,96929.2362
3217,000006.SZ,20071107,4.9561,5.0324,4.8236,4.8956,4.9604,-0.06479999999999997,-1.3063,14528.78,49557.7282
3218,000006.SZ,20071106,4.91,5.005,4.8438,4.9604,4.9431,0.01729999999999965,0.35,16533.07,56467.4045
3219,000006.SZ,20071105,5.1807,5.1807,4.8107,4.9431,5.1836,-0.24049999999999994,-4.6396,30406.93,104382.5083
3220,000006.SZ,20071102,5.1821,5.3564,5.0972,5.1836,5.3204,-0.13680000000000003,-2.5712,26138.67,94779.8891
3221,000006.SZ,20071101,5.3593,5.5047,5.2484,5.3204,5.378,-0.057599999999999874,-1.071,40604.08,151880.8053
3222,000006.SZ,20071031,5.1073,5.3996,5.1044,5.378,5.1073,0.2706999999999997,5.3003,55677.23,203953.7164
3223,000006.SZ,20071030,5.0828,5.2268,4.8956,5.1073,5.1692,-0.06189999999999962,-1.1975,30682.28,108094.4541
3224,000006.SZ,20071029,5.1836,5.3823,5.1548,5.1692,5.1116,0.057599999999999874,1.1268,42105.89,153206.2203
3225,000006.SZ,20071026,4.8956,5.1836,4.8092,5.1116,4.8812,0.23040000000000038,4.7202,46422.16,163265.0071
3226,000006.SZ,20071025,5.0194,5.2412,4.7531,4.8812,5.0626,-0.1814,-3.5831,57484.72,200540.0745
3227,000006.SZ,20071024,4.9345,5.2239,4.8956,5.0626,4.9748,0.08779999999999966,1.7649,46924.04,167080.0138
3228,000006.SZ,20071023,4.7286,4.9748,4.6508,4.9748,4.7271,0.24770000000000003,5.24,33173.37,111701.7276
3229,000006.SZ,20071022,4.7055,4.8913,4.5472,4.7271,4.73,-0.0029000000000003467,-0.0613,29612.16,98544.202
3230,000006.SZ,20071019,4.6552,4.8956,4.6537,4.73,4.6062,0.12380000000000013,2.6877,34771.64,115823.6651
3231,000006.SZ,20071018,4.6364,4.694,4.5184,4.6062,4.694,-0.08779999999999966,-1.8705,29018.86,92380.9677
3232,000006.SZ,20071017,4.8798,4.8956,4.6796,4.694,4.8956,-0.2016,-4.118,19907.07,66033.2987
3233,000006.SZ,20071016,4.6796,4.9244,4.6091,4.8956,4.6825,0.21309999999999985,4.551,31091.91,104096.9121
3234,000006.SZ,20071015,4.7948,4.8927,4.504,4.6825,4.7948,-0.11230000000000029,-2.3421,41968.66,135665.9691
3235,000006.SZ,20071012,5.1836,5.2268,4.6595,4.7948,5.1778,-0.383,-7.397,93344.83,311444.5726
3236,000006.SZ,20071011,5.2268,5.3218,5.1188,5.1778,5.234,-0.056199999999999584,-1.0737,40768.15,146914.1529
3237,000006.SZ,20071010,5.4039,5.5853,5.198,5.234,5.4039,-0.16990000000000016,-3.144,50818.03,188644.9482
3238,000006.SZ,20071009,5.5407,5.5882,5.3708,5.4039,5.5868,-0.18290000000000006,-3.2738,51442.71,195258.6134
3239,000006.SZ,20071008,5.2657,5.6156,5.185,5.5868,5.1116,0.47520000000000007,9.2965,80348.9,304725.1431
3240,000006.SZ,20070928,5.1289,5.3261,5.1116,5.1116,5.1318,-0.020199999999999996,-0.3936,47173.99,169963.1241
3241,000006.SZ,20070927,5.1836,5.4082,5.1159,5.1318,5.1836,-0.05180000000000007,-0.9993,57790.46,209741.7473
3242,000006.SZ,20070926,5.2527,5.27,5.0122,5.1836,5.3261,-0.14250000000000007,-2.6755,62884.25,225340.7515
3243,000006.SZ,20070925,4.9359,5.3996,4.7963,5.3261,4.9172,0.40890000000000004,8.3157,92963.76,332244.9535
3244,000006.SZ,20070924,4.9719,5.0108,4.6796,4.9172,4.9043,0.012900000000000134,0.263,64695.81,217707.2295
3245,000006.SZ,20070921,4.8971,5.0684,4.8956,4.9043,4.7919,0.11240000000000006,2.3456,93732.69,324332.1462
3246,000006.SZ,20070920,4.3888,4.7919,4.3888,4.7919,4.3557,0.43620000000000037,10.0145,133998.14,433747.2738
3247,000006.SZ,20070919,4.2045,4.5443,4.2045,4.3557,4.2045,0.15119999999999933,3.5961,81513.42,251146.2335
3248,000006.SZ,20070918,4.1469,4.2117,4.0302,4.2045,4.1584,0.04610000000000003,1.1086,49625.36,142369.7352
3249,000006.SZ,20070917,4.0461,4.2045,4.0317,4.1584,4.0994,0.05900000000000016,1.4392,55604.58,158644.0051
3250,000006.SZ,20070914,4.2304,4.2477,4.0173,4.0994,4.1929,-0.0934999999999997,-2.23,37847.17,108098.8147
3251,000006.SZ,20070913,4.0014,4.216,3.9381,4.1929,3.9899,0.20299999999999985,5.0878,40026.97,113923.8969
3252,000006.SZ,20070912,3.9165,4.1022,3.8171,3.9899,4.0058,-0.015899999999999803,-0.3969,51486.24,140269.4419
3253,000006.SZ,20070911,4.3629,4.3902,3.9755,4.0058,4.3197,-0.3139000000000003,-7.2667,82997.44,245186.4407
3254,000006.SZ,20070910,4.1757,4.3312,4.1397,4.3197,4.2045,0.11519999999999975,2.7399,63066.89,185872.7828
3255,000006.SZ,20070907,4.3369,4.3629,4.1973,4.2045,4.3369,-0.13239999999999963,-3.0529,51641.85,152900.0223
3256,000006.SZ,20070906,4.3888,4.4622,4.3153,4.3369,4.3657,-0.02880000000000038,-0.6597,42811.85,129660.3966
3257,000006.SZ,20070905,4.4492,4.5212,4.3053,4.3657,4.4492,-0.08349999999999991,-1.8767,44680.62,136435.8675
3258,000006.SZ,20070904,4.4204,4.5673,4.3773,4.4492,4.4104,0.03880000000000017,0.8797,64839.45,202877.0924
3259,000006.SZ,20070903,4.5457,4.5961,4.3931,4.4104,4.4708,-0.060399999999999565,-1.351,67075.82,206831.3607
3260,000006.SZ,20070831,4.3557,4.5112,4.3557,4.4708,4.3369,0.13389999999999969,3.0875,57929.9,178901.537
3261,000006.SZ,20070830,4.3672,4.4032,4.2649,4.3369,4.3053,0.03160000000000007,0.734,40825.21,122686.6679
3262,000006.SZ,20070829,4.3053,4.432,4.2304,4.3053,4.3182,-0.012900000000000134,-0.2987,62805.48,188908.9238
3263,000006.SZ,20070828,4.4233,4.4248,4.216,4.3182,4.4233,-0.1051000000000002,-2.3761,56344.11,167587.6355
3264,000006.SZ,20070827,4.5716,4.622,4.324,4.4233,4.5544,-0.1311,-2.8785,55985.39,173774.1587
3265,000006.SZ,20070824,4.6436,4.694,4.5241,4.5544,4.6436,-0.08919999999999995,-1.9209,49822.5,158474.6435
3266,000006.SZ,20070823,4.6048,4.7775,4.6048,4.6436,4.6004,0.04320000000000057,0.939,58833.6,190750.4273
3267,000006.SZ,20070822,4.3917,4.6724,4.3456,4.6004,4.442,0.15839999999999943,3.566,74514.22,233374.4607
3268,000006.SZ,20070821,4.4348,4.5212,4.3557,4.442,4.4348,0.007200000000000095,0.1624,44403.66,136379.9133
3269,000006.SZ,20070820,4.3528,4.5068,4.3485,4.4348,4.2189,0.21590000000000042,5.1174,47295.83,145102.5228
3270,000006.SZ,20070817,4.2621,4.3643,4.2045,4.2189,4.3053,-0.08640000000000025,-2.0068,27305.8,81160.0389
3271,000006.SZ,20070816,4.4348,4.5184,4.2491,4.3053,4.4636,-0.15829999999999966,-3.5465,48222.85,146194.8602
3272,000006.SZ,20070815,4.3081,4.5788,4.2909,4.4636,4.3024,0.1612,3.7467,62631.04,191760.6771
3273,000006.SZ,20070814,4.1785,4.3168,4.1526,4.3024,4.1771,0.1252999999999993,2.9997,26841.22,79438.9952
3274,000006.SZ,20070813,4.2736,4.288,4.1584,4.1771,4.3557,-0.17859999999999943,-4.1004,43216.91,126389.1916
3275,000006.SZ,20070810,4.6278,4.6278,4.3125,4.3557,4.6364,-0.2807000000000004,-6.0543,45486.6,139181.3744
3276,000006.SZ,20070809,4.4924,4.6796,4.4924,4.6364,4.5068,0.12959999999999994,2.8757,41486.31,131500.5368
3277,000006.SZ,20070808,4.6076,4.671,4.4147,4.5068,4.7156,-0.2088000000000001,-4.4279,45893.83,144075.0979
3278,000006.SZ,20070807,4.8265,4.8668,4.5788,4.7156,4.8236,-0.10799999999999965,-2.239,57644.3,187917.9097
3279,000006.SZ,20070806,4.9791,5.0396,4.7675,4.8236,4.9575,-0.13389999999999969,-2.701,65855.08,222623.8484
3280,000006.SZ,20070803,4.9388,5.1116,4.8308,4.9575,4.9244,0.03309999999999924,0.6722,78981.46,273468.6502
3281,000006.SZ,20070802,4.5947,4.9244,4.5947,4.9244,4.55,0.3744000000000005,8.2286,71207.27,235204.6599
3282,000006.SZ,20070801,4.6076,4.8207,4.432,4.55,4.6076,-0.057599999999999874,-1.2501,74345.27,239340.6074
3283,000006.SZ,20070731,4.5068,4.707,4.4348,4.6076,4.5126,0.09499999999999975,2.1052,66686.36,213953.9194
3284,000006.SZ,20070730,4.6076,4.7747,4.4348,4.5126,4.432,0.08059999999999956,1.8186,91622.35,292233.0965
3285,000006.SZ,20070727,4.0029,4.432,3.8877,4.432,4.0288,0.4032,10.0079,97546.82,286000.8451
3286,000006.SZ,20070726,4.0043,4.1037,3.892,4.0288,4.0432,-0.014399999999999302,-0.3562,70408.24,195506.0956
3287,000006.SZ,20070725,4.0965,4.1066,3.9712,4.0432,4.0893,-0.04610000000000003,-1.1273,89666.16,249867.6953
3288,000006.SZ,20070724,4.1757,4.2909,4.0274,4.0893,4.1728,-0.08349999999999991,-2.0011,108117.72,310062.0511
3289,000006.SZ,20070723,4.18,4.3024,4.1195,4.1728,4.1253,0.04749999999999943,1.1514,51210.29,149218.5669
3290,000006.SZ,20070720,3.8877,4.1469,3.8877,4.1253,3.892,0.23330000000000028,5.9943,48506.48,137698.7428
3291,000006.SZ,20070719,3.8877,3.9957,3.8661,3.892,3.9626,-0.07060000000000022,-1.7817,15682.88,42743.9782
3292,000006.SZ,20070718,3.7466,3.9928,3.7437,3.9626,3.7653,0.19730000000000025,5.24,47446.48,128668.0671
3293,000006.SZ,20070717,3.6573,3.9021,3.5637,3.7653,3.6544,0.1109,3.0347,32161.04,84108.483
3294,000006.SZ,20070716,3.7869,3.8733,3.6429,3.6544,3.7855,-0.1311,-3.4632,11801.65,30730.0882
3295,000006.SZ,20070713,3.8258,3.8258,3.7365,3.7855,3.797,-0.011500000000000288,-0.3029,8831.66,23091.8653
3296,000006.SZ,20070712,3.7149,3.8589,3.7149,3.797,3.7091,0.08790000000000031,2.3698,23293.69,61619.5099
3297,000006.SZ,20070711,3.5997,3.8013,3.5709,3.7091,3.6314,0.07769999999999966,2.1397,15758.85,40540.7622
3298,000006.SZ,20070710,3.7509,3.7509,3.6141,3.6314,3.7408,-0.10939999999999994,-2.9245,23215.75,59536.5361
3299,000006.SZ,20070709,3.6256,3.8128,3.5565,3.7408,3.6256,0.11520000000000019,3.1774,20642.31,53217.5387
3300,000006.SZ,20070706,3.4557,3.6256,3.3045,3.6256,3.4557,0.16989999999999972,4.9165,24126.87,57663.3424
3301,000006.SZ,20070705,3.6228,3.6645,3.4269,3.4557,3.6141,-0.15839999999999987,-4.3828,26036.65,63389.7286
3302,000006.SZ,20070704,3.7725,3.82,3.6141,3.6141,3.7437,-0.12959999999999994,-3.4618,12225.8,31791.3271
3303,000006.SZ,20070703,3.6372,3.7682,3.6372,3.7437,3.6156,0.12809999999999988,3.543,25722.96,66479.9103
3304,000006.SZ,20070702,3.5493,3.6688,3.5493,3.6156,3.5853,0.030299999999999994,0.8451,16311.48,40872.0667
3305,000006.SZ,20070629,3.5997,3.7725,3.4874,3.5853,3.6559,-0.07059999999999977,-1.9311,31063.14,78315.7796
3306,000006.SZ,20070628,4.0173,4.0446,3.6501,3.6559,4.0245,-0.3685999999999998,-9.1589,39101.91,103552.8827
3307,000006.SZ,20070627,4.0317,4.1022,3.9266,4.0245,3.9813,0.04319999999999968,1.0851,26507.94,74362.7926
3308,000006.SZ,20070626,3.7437,3.9813,3.7437,3.9813,3.8359,0.14539999999999997,3.7905,22114.21,58838.1576
3309,000006.SZ,20070625,3.8603,4.0158,3.7869,3.8359,3.8503,-0.014399999999999746,-0.374,31054.51,83659.2028
3310,000006.SZ,20070622,3.9856,4.0677,3.7451,3.8503,3.9856,-0.13529999999999998,-3.3947,34841.08,95029.9799
3311,000006.SZ,20070621,3.9928,4.085,3.9453,3.9856,4.0346,-0.04900000000000038,-1.2145,31008.22,86221.2932
3312,000006.SZ,20070620,4.1584,4.2909,3.9856,4.0346,4.1613,-0.1266999999999996,-3.0447,41354.44,120075.2574
3313,000006.SZ,20070619,4.1685,4.2707,4.0317,4.1613,4.1757,-0.01440000000000019,-0.3449,47643.24,136579.1481
3314,000006.SZ,20070618,4.1685,4.3341,4.1195,4.1757,4.0763,0.09940000000000015,2.4385,32562.53,94531.474
3315,000006.SZ,20070615,4.0418,4.1181,3.9165,4.0763,4.0461,0.030199999999999783,0.7464,26190.6,73270.4722
3316,000006.SZ,20070614,4.1728,4.2635,4.0317,4.0461,4.2621,-0.2160000000000002,-5.0679,45084.88,129726.3263
3317,000006.SZ,20070613,4.1757,4.5184,4.1354,4.2621,4.1325,0.12959999999999994,3.1361,45126.03,136430.1653
3318,000006.SZ,20070612,4.0677,4.1685,3.905,4.1325,4.0691,0.06340000000000057,1.5581,40293.12,114292.2969
3319,000006.SZ,20070611,3.9165,4.1613,3.8589,4.0691,3.8762,0.19289999999999985,4.9765,53149.84,148249.196
3320,000006.SZ,20070608,4.0317,4.0965,3.8431,3.8762,3.9914,-0.11520000000000019,-2.8862,71791.49,195503.6971
3321,000006.SZ,20070607,3.6285,3.9914,3.5709,3.9914,3.6285,0.3629000000000002,10.0014,95062.52,258793.9974
3322,000006.SZ,20070606,3.3953,3.6688,3.2109,3.6285,3.4082,0.22029999999999994,6.4638,75238.34,186045.9653
3323,000006.SZ,20070605,3.1102,3.4096,2.8193,3.4082,3.1001,0.30810000000000004,9.9384,94359.03,205217.8247
3324,000006.SZ,20070604,3.4557,3.5781,3.1001,3.1001,3.4442,-0.3441000000000001,-9.9907,71295.95,163272.9222
3325,000006.SZ,20070601,3.8229,3.8877,3.4442,3.4442,3.8272,-0.383,-10.0073,83780.4,209024.5837
3326,000006.SZ,20070531,3.6141,3.9021,3.4716,3.8272,3.6098,0.21740000000000004,6.0225,113835.87,295469.1288
3327,000006.SZ,20070530,3.6573,3.9712,3.6098,3.6098,4.0101,-0.40030000000000054,-9.9823,124917.14,323017.5144
3328,000006.SZ,20070529,4.1109,4.1397,3.9784,4.0101,4.0504,-0.040299999999999336,-0.995,55882.13,156399.5124
3329,000006.SZ,20070528,4.012,4.1528,3.985,4.0504,4.0106,0.03979999999999961,0.9924,79997.24,228265.0394
3330,000006.SZ,20070525,3.8783,4.167,3.8257,4.0106,3.8783,0.1323000000000003,3.4113,73934.99,210056.8534
3331,000006.SZ,20070524,3.9537,4.0774,3.8399,3.8783,3.9836,-0.10530000000000017,-2.6433,48898.09,134556.8735
3332,000006.SZ,20070523,3.8399,4.1244,3.7262,3.9836,3.8399,0.14369999999999994,3.7423,50349.51,140474.755
3333,000006.SZ,20070522,3.5555,3.8798,3.5555,3.8399,3.5271,0.3128000000000002,8.8685,79976.15,211230.87
3334,000006.SZ,20070521,3.3848,3.6479,3.3578,3.5271,3.5271,0.0,0.0,70324.67,174213.6839
3335,000006.SZ,20070518,3.6181,3.6963,3.51,3.5271,3.628,-0.10090000000000021,-2.7811,53725.48,134962.65
3336,000006.SZ,20070517,3.6209,3.7688,3.5555,3.628,3.5939,0.03410000000000002,0.9488,51859.0,134408.8008
3337,000006.SZ,20070516,3.4901,3.6693,3.4133,3.5939,3.4986,0.09529999999999994,2.7239,73895.05,185144.3353
3338,000006.SZ,20070515,3.4872,3.7489,3.4559,3.4986,3.5342,-0.03559999999999963,-1.0073,140359.58,356565.768
3339,000006.SZ,20070514,3.2284,3.5982,3.2014,3.5342,3.2711,0.26309999999999967,8.0432,120949.41,290289.9592
3340,000006.SZ,20070511,3.2639,3.3351,3.1601,3.2711,3.3635,-0.09240000000000004,-2.7471,118483.51,271091.3728
3341,000006.SZ,20070510,3.4815,3.4815,3.3109,3.3635,3.1644,0.19910000000000005,6.2919,170463.63,409986.8092
3342,000006.SZ,20070509,3.1644,3.1644,3.1644,3.1644,2.8771,0.2873000000000001,9.9857,8313.25,18496.9813
3343,000006.SZ,20070425,2.6183,2.8771,2.56,2.8771,2.6154,0.2616999999999998,10.0061,223827.25,436323.4794
3344,000006.SZ,20070424,2.5159,2.6595,2.5159,2.6154,2.5144,0.10099999999999998,4.0169,205824.29,378350.1921
3345,000006.SZ,20070423,2.4746,2.6595,2.4604,2.5144,2.7022,-0.18779999999999974,-6.9499,297185.63,530508.5743
3346,000006.SZ,20070418,2.4647,2.7107,2.4462,2.7022,2.4647,0.23749999999999982,9.6361,228225.63,425771.3619
3347,000006.SZ,20070417,2.3552,2.5059,2.3537,2.4647,2.2784,0.18630000000000013,8.1768,332146.1,575621.3721
3348,000006.SZ,20070413,2.1802,2.3765,2.1802,2.2784,2.1603,0.1181000000000001,5.4668,372776.09,604154.8542
3349,000006.SZ,20070412,2.1632,2.1689,2.1162,2.1603,2.1575,0.0027999999999996916,0.1298,134543.31,203186.3237
3350,000006.SZ,20070411,2.0835,2.1703,2.0622,2.1575,2.0835,0.07400000000000029,3.5517,166401.11,248003.0009
3351,000006.SZ,20070410,2.1205,2.129,2.0309,2.0835,2.1191,-0.035600000000000076,-1.68,119990.9,175648.2197
3352,000006.SZ,20070409,2.1347,2.1489,2.112,2.1191,2.1333,-0.014200000000000212,-0.6656,126668.73,189337.2458
3353,000006.SZ,20070406,2.1305,2.1845,2.1148,2.1333,2.1433,-0.009999999999999787,-0.4666,105815.55,159883.8496
3354,000006.SZ,20070405,2.0835,2.1731,2.0721,2.1433,2.0793,0.06400000000000006,3.078,141026.16,210728.4091
3355,000006.SZ,20070404,2.0636,2.0992,2.0508,2.0793,2.0622,0.017100000000000115,0.8292,89185.53,130266.6356
3356,000006.SZ,20070403,2.0693,2.0835,2.0409,2.0622,2.0679,-0.005700000000000038,-0.2756,84601.7,122565.7655
3357,000006.SZ,20070402,2.0337,2.0878,2.0195,2.0679,2.0252,0.04269999999999996,2.1084,75240.43,108569.3113
3358,000006.SZ,20070330,2.0409,2.0593,1.9982,2.0252,2.0409,-0.01570000000000027,-0.7693,60209.34,85638.1575
3359,000006.SZ,20070329,2.038,2.0906,2.0209,2.0409,2.0337,0.007200000000000095,0.354,94278.23,136297.3133
3360,000006.SZ,20070328,2.0636,2.1034,1.974,2.0337,2.0679,-0.034199999999999786,-1.6539,118545.95,170372.4299
3361,000006.SZ,20070327,2.0849,2.0963,2.0622,2.0679,2.0835,-0.015600000000000058,-0.7487,99733.72,145482.1411
3362,000006.SZ,20070326,2.1262,2.1262,2.0281,2.0835,2.1191,-0.035600000000000076,-1.68,127770.54,185965.4197
3363,000006.SZ,20070323,2.0835,2.1404,2.0423,2.1191,2.0906,0.028500000000000192,1.3632,95940.94,140548.9392
3364,000006.SZ,20070322,2.1305,2.1376,2.0736,2.0906,2.112,-0.021400000000000308,-1.0133,125376.45,186379.4372
3365,000006.SZ,20070321,2.0309,2.112,2.0025,2.112,2.011,0.10099999999999998,5.0224,149648.82,216223.9442
3366,000006.SZ,20070320,1.974,2.0266,1.9626,2.011,1.9669,0.04410000000000003,2.2421,87952.96,123652.7
3367,000006.SZ,20070319,1.8901,1.9868,1.8631,1.9669,1.9584,0.008500000000000174,0.434,65377.22,89024.0246
3368,000006.SZ,20070316,2.0195,2.0394,1.9342,1.9584,2.0181,-0.059700000000000086,-2.9582,81431.57,113420.9687
3369,000006.SZ,20070315,1.937,2.0409,1.9356,2.0181,1.9441,0.07400000000000007,3.8064,128616.91,181778.4924
3370,000006.SZ,20070314,1.9697,1.984,1.9057,1.9441,2.001,-0.05689999999999995,-2.8436,69741.05,96000.0243
3371,000006.SZ,20070313,1.9498,2.0337,1.937,2.001,1.947,0.053999999999999826,2.7735,108236.84,151598.2285
3372,000006.SZ,20070312,1.9484,1.9655,1.8986,1.947,1.9484,-0.0013999999999998458,-0.0719,73747.72,100477.7173
3373,000006.SZ,20070308,1.9456,1.9655,1.9342,1.9484,1.937,0.011399999999999855,0.5885,77286.98,106086.3353
3374,000006.SZ,20070307,1.9313,1.947,1.91,1.937,1.9257,0.011300000000000088,0.5868,76785.99,104253.3546
3375,000006.SZ,20070306,1.9854,1.9854,1.9001,1.9257,1.9754,-0.04970000000000008,-2.5159,79194.12,107898.236
3376,000006.SZ,20070305,1.9385,2.0053,1.8787,1.9754,1.9313,0.04410000000000003,2.2834,133164.79,182821.3809
3377,000006.SZ,20070302,1.8645,1.9441,1.8645,1.9313,1.8645,0.06679999999999997,3.5827,145322.23,196030.0053
3378,000006.SZ,20070301,1.856,1.9157,1.8361,1.8645,1.8346,0.029900000000000038,1.6298,190935.47,251945.5743
3379,000006.SZ,20070228,1.7081,1.8432,1.7066,1.8346,1.728,0.10660000000000003,6.169,103872.3,129999.0092
3380,000006.SZ,20070227,1.8588,1.9441,1.7209,1.728,1.8489,-0.12090000000000001,-6.539,171846.44,225137.6674
3381,000006.SZ,20070226,1.856,1.8716,1.792,1.8489,1.8503,-0.0014000000000000679,-0.0757,94498.13,121172.6438
3382,000006.SZ,20070216,1.8773,1.8986,1.8332,1.8503,1.8673,-0.016999999999999904,-0.9104,80629.65,105328.9726
3383,000006.SZ,20070215,1.8332,1.8858,1.8332,1.8673,1.8289,0.03839999999999999,2.0996,72233.27,94654.4131
3384,000006.SZ,20070214,1.8147,1.8389,1.7991,1.8289,1.8105,0.018399999999999972,1.0163,71266.71,91145.2444
3385,000006.SZ,20070213,1.7948,1.8119,1.7749,1.8105,1.7678,0.04269999999999996,2.4154,84353.74,106471.1385
3386,000006.SZ,20070212,1.6839,1.7735,1.681,1.7678,1.681,0.08679999999999999,5.1636,80174.14,98388.3917
3387,000006.SZ,20070209,1.6697,1.6995,1.6611,1.681,1.6753,0.005700000000000038,0.3402,42992.8,50730.8918
3388,000006.SZ,20070208,1.7066,1.7152,1.6512,1.6753,1.6924,-0.017099999999999893,-1.0104,55253.76,64949.8036
3389,000006.SZ,20070207,1.6739,1.728,1.6739,1.6924,1.664,0.02839999999999998,1.7067,68128.82,81503.6126
3390,000006.SZ,20070206,1.6213,1.6668,1.5858,1.664,1.6099,0.054099999999999815,3.3605,53881.74,61513.6251
3391,000006.SZ,20070205,1.5644,1.6313,1.5644,1.6099,1.5929,0.017000000000000126,1.0672,60137.28,67608.5037
3392,000006.SZ,20070202,1.7152,1.7337,1.59,1.5929,1.7152,-0.12230000000000008,-7.1304,88422.88,101876.6438
3393,000006.SZ,20070201,1.664,1.7422,1.6512,1.7152,1.6967,0.01849999999999996,1.0904,62075.03,74440.0914
3394,000006.SZ,20070131,1.8318,1.8318,1.691,1.6967,1.8346,-0.1378999999999999,-7.5166,121317.2,150065.675
3395,000006.SZ,20070130,1.9754,1.9754,1.8346,1.8346,1.9626,-0.1279999999999999,-6.522,153372.4,202968.3036
3396,000006.SZ,20070129,1.9911,2.0266,1.9214,1.9626,1.9868,-0.0242,-1.218,134068.41,184848.0244
3397,000006.SZ,20070126,1.9413,2.0138,1.8218,1.9868,1.9754,0.011399999999999855,0.5771,92977.21,125926.0249
3398,000006.SZ,20070125,1.9854,2.0622,1.9356,1.9754,1.9754,0.0,0.0,144317.5,203460.8735
3399,000006.SZ,20070124,1.9171,2.0167,1.8844,1.9754,1.9171,0.05830000000000002,3.0411,109344.87,151732.8936
3400,000006.SZ,20070123,1.9569,1.9697,1.8489,1.9171,1.9484,-0.031299999999999883,-1.6064,88115.64,118529.8199
3401,000006.SZ,20070122,1.8844,1.9541,1.8773,1.9484,1.8745,0.07389999999999985,3.9424,114844.0,155643.7528
3402,000006.SZ,20070119,1.873,1.92,1.8417,1.8745,1.8631,0.011400000000000077,0.6119,154849.4,204187.8694
3403,000006.SZ,20070118,1.8773,1.92,1.8389,1.8631,2.0437,-0.18059999999999987,-8.8369,233384.67,304435.6666
3404,000006.SZ,20070117,2.2869,2.2869,2.0437,2.0437,2.2712,-0.22750000000000004,-10.0167,161179.42,239805.4878
3405,000006.SZ,20070116,2.102,2.2712,2.0849,2.2712,2.0764,0.19479999999999986,9.3816,107817.83,163747.1375
3406,000006.SZ,20070115,1.9897,2.0835,1.9783,2.0764,1.9683,0.10810000000000008,5.492,55962.74,80904.3337
3407,000006.SZ,20070112,2.0423,2.1077,1.9612,1.9683,2.0764,-0.10810000000000008,-5.2061,75233.32,107021.6339
3408,000006.SZ,20070111,2.1361,2.1376,2.0721,2.0764,2.1361,-0.059699999999999864,-2.7948,112879.88,166982.8516
3409,000006.SZ,20070110,2.0949,2.1418,2.0835,2.1361,2.112,0.024099999999999788,1.1411,82201.98,122234.7875
3410,000006.SZ,20070109,2.0451,2.1589,2.0195,2.112,2.0622,0.04980000000000029,2.4149,79719.92,118229.9732
3411,000006.SZ,20070108,1.9925,2.0679,1.9882,2.0622,2.001,0.06119999999999992,3.0585,101942.54,145263.266
3412,000006.SZ,20070105,1.9626,2.0266,1.9342,2.001,1.9484,0.05259999999999998,2.6997,98721.81,137633.0949
3413,000006.SZ,20070104,1.92,2.001,1.9043,1.9484,1.9072,0.0411999999999999,2.1602,150260.54,205974.1627
3414,000006.SZ,20061229,1.8773,1.9569,1.8773,1.9072,1.8745,0.03269999999999995,1.7445,62100.11,84014.8418
3415,000006.SZ,20061228,1.9342,1.9612,1.8645,1.8745,1.9313,-0.05679999999999996,-2.941,52976.64,70548.1763
3416,000006.SZ,20061227,1.9029,1.9697,1.8787,1.9313,1.9043,0.026999999999999913,1.4178,50964.37,68516.9494
3417,000006.SZ,20061226,1.9655,1.9769,1.8887,1.9043,1.9598,-0.05549999999999988,-2.8319,43662.52,59014.1541
3418,000006.SZ,20061225,1.8887,2.0195,1.8858,1.9598,1.8816,0.07820000000000005,4.156,64127.04,88030.0792
3419,000006.SZ,20061222,1.9299,1.9484,1.8702,1.8816,1.9598,-0.07820000000000005,-3.9902,51006.55,68041.7007
3420,000006.SZ,20061221,2.0337,2.0465,1.9555,1.9598,2.0309,-0.07109999999999994,-3.5009,52367.21,73036.0537
3421,000006.SZ,20061220,1.974,2.0337,1.9427,2.0309,1.9911,0.039799999999999836,1.9989,48122.91,67046.198
3422,000006.SZ,20061219,2.0508,2.0778,1.9712,1.9911,2.0337,-0.04259999999999997,-2.0947,89548.5,126745.0403
3423,000006.SZ,20061218,1.9129,2.075,1.9129,2.0337,1.8915,0.1422000000000001,7.5178,105494.53,150423.6351
3424,000006.SZ,20061215,1.7991,1.9143,1.7991,1.8915,1.7849,0.10660000000000003,5.9723,104123.38,137249.956
3425,000006.SZ,20061214,1.7351,1.8204,1.718,1.7849,1.7209,0.06399999999999983,3.719,75141.83,93988.4234
3426,000006.SZ,20061213,1.7066,1.7408,1.6753,1.7209,1.7066,0.014300000000000201,0.8379,31439.63,37647.588
3427,000006.SZ,20061212,1.7237,1.7678,1.6625,1.7066,1.7237,-0.017100000000000115,-0.9921,82088.82,99020.2561
3428,000006.SZ,20061211,1.6085,1.7351,1.6085,1.7237,1.6355,0.08820000000000006,5.3928,61578.39,72806.2673
3429,000006.SZ,20061208,1.6839,1.7322,1.6213,1.6355,1.7422,-0.10670000000000002,-6.1244,73123.12,86141.3249
3430,000006.SZ,20061207,1.7635,1.7777,1.7166,1.7422,1.7763,-0.03410000000000002,-1.9197,80490.56,98775.0528
3431,000006.SZ,20061206,1.8318,1.8617,1.7066,1.7763,1.8489,-0.0726,-3.9267,74011.56,92547.4254
3432,000006.SZ,20061205,1.8275,1.9143,1.8048,1.8489,1.8346,0.01429999999999998,0.7795,99191.36,129802.2232
3433,000006.SZ,20061204,1.7977,1.8773,1.7905,1.8346,1.8048,0.02980000000000005,1.6512,81531.44,104393.4023
3434,000006.SZ,20061201,1.7834,1.8887,1.782,1.8048,1.792,0.012799999999999923,0.7143,89201.13,115587.441
3435,000006.SZ,20061130,1.7237,1.8062,1.6995,1.792,1.7223,0.0697000000000001,4.0469,71233.98,87626.0268
3436,000006.SZ,20061129,1.6753,1.7493,1.6497,1.7223,1.7109,0.011399999999999855,0.6663,53928.94,65033.8789
3437,000006.SZ,20061128,1.6199,1.7436,1.6042,1.7109,1.6313,0.07960000000000012,4.8795,80914.77,96269.7031
3438,000006.SZ,20061127,1.6355,1.6497,1.5858,1.6313,1.6469,-0.015600000000000058,-0.9472,60582.35,68869.9765
3439,000006.SZ,20061124,1.6284,1.6967,1.5786,1.6469,1.6256,0.021300000000000097,1.3103,84662.08,97475.9315
3440,000006.SZ,20061123,1.6256,1.691,1.6071,1.6256,1.6256,0.0,0.0,98929.18,114732.4085
3441,000006.SZ,20061122,1.5232,1.6782,1.5004,1.6256,1.5303,0.09529999999999994,6.2275,117445.87,131966.0391
3442,000006.SZ,20061121,1.5075,1.553,1.4677,1.5303,1.499,0.031299999999999883,2.0881,81015.11,86310.2541
3443,000006.SZ,20061120,1.4649,1.5289,1.4649,1.499,1.4521,0.046900000000000164,3.2298,107324.42,113061.7793
3444,000006.SZ,20061117,1.4023,1.4521,1.3938,1.4521,1.4009,0.05119999999999991,3.6548,70922.59,71254.4
3445,000006.SZ,20061116,1.4208,1.4606,1.3952,1.4009,1.4194,-0.01849999999999996,-1.3034,77558.43,77959.2327
3446,000006.SZ,20061115,1.3482,1.435,1.3468,1.4194,1.3468,0.0726,5.3906,59355.59,58223.5008
3447,000006.SZ,20061114,1.3767,1.3909,1.3056,1.3468,1.371,-0.0242,-1.7651,55996.28,52759.9126
3448,000006.SZ,20061113,1.3966,1.4506,1.3625,1.371,1.4066,-0.035600000000000076,-2.5309,62166.98,61276.0102
3449,000006.SZ,20061110,1.4435,1.4691,1.4009,1.4066,1.4435,-0.03689999999999993,-2.5563,82285.9,82834.2708
3450,000006.SZ,20061109,1.3795,1.4435,1.3653,1.4435,1.3795,0.06400000000000006,4.6394,103273.15,103185.4871
3451,000006.SZ,20061108,1.4122,1.4407,1.3653,1.3795,1.4165,-0.037000000000000144,-2.6121,53856.67,53000.7383
3452,000006.SZ,20061107,1.3738,1.4179,1.3454,1.4165,1.3738,0.04270000000000018,3.1082,77260.75,75479.8907
3453,000006.SZ,20061106,1.3397,1.3938,1.3226,1.3738,1.3454,0.02839999999999998,2.1109,63071.13,60839.0051
3454,000006.SZ,20061103,1.3454,1.4122,1.334,1.3454,1.3454,0.0,0.0,121442.3,117115.9333
3455,000006.SZ,20061102,1.2572,1.3625,1.2572,1.3454,1.2586,0.08679999999999999,6.8966,143817.98,133446.6409
3456,000006.SZ,20061101,1.28,1.28,1.2487,1.2586,1.28,-0.021400000000000086,-1.6719,44978.59,39903.5773
3457,000006.SZ,20061031,1.2928,1.3056,1.27,1.28,1.2914,-0.011400000000000077,-0.8828,43552.82,39228.6252
3458,000006.SZ,20061030,1.28,1.3155,1.2729,1.2914,1.2828,0.008600000000000163,0.6704,56994.45,51827.4652
3459,000006.SZ,20061027,1.2658,1.3198,1.2458,1.2828,1.2629,0.01990000000000003,1.5757,146341.51,133736.331
3460,000006.SZ,20061026,1.243,1.2757,1.2202,1.2629,1.2402,0.022699999999999942,1.8303,77332.58,68567.9099
3461,000006.SZ,20061025,1.2345,1.2643,1.2345,1.2402,1.2345,0.005700000000000038,0.4617,61599.27,54016.5142
3462,000006.SZ,20061024,1.216,1.243,1.216,1.2345,1.1847,0.049799999999999844,4.2036,57478.15,49650.9608
3463,000006.SZ,20061023,1.216,1.2188,1.1804,1.1847,1.216,-0.031299999999999883,-2.574,27645.3,23173.9121
3464,000006.SZ,20061020,1.2117,1.2274,1.2032,1.216,1.2089,0.007099999999999884,0.5873,24653.99,21092.045
3465,000006.SZ,20061019,1.2259,1.2259,1.1975,1.2089,1.2288,-0.019899999999999807,-1.6195,32439.58,27684.4319
3466,000006.SZ,20061018,1.2117,1.2302,1.2003,1.2288,1.2117,0.017099999999999893,1.4112,39694.43,34004.658
3467,000006.SZ,20061017,1.206,1.2245,1.2018,1.2117,1.2131,-0.0014000000000000679,-0.1154,19951.27,17047.2604
3468,000006.SZ,20061016,1.1946,1.2131,1.1918,1.2131,1.1875,0.025600000000000067,2.1558,29600.26,25081.5591
3469,000006.SZ,20061013,1.1833,1.2003,1.179,1.1875,1.1833,0.0041999999999999815,0.3549,24348.75,20341.7128
3470,000006.SZ,20061012,1.2032,1.206,1.1762,1.1833,1.1989,-0.015600000000000058,-1.3012,41761.17,34748.0269
3471,000006.SZ,20061011,1.1875,1.206,1.179,1.1989,1.1904,0.008500000000000174,0.714,43009.93,35955.5316
3472,000006.SZ,20061010,1.2302,1.2416,1.1875,1.1904,1.2188,-0.028400000000000203,-2.3302,47290.52,40396.1296
3473,000006.SZ,20061009,1.233,1.2473,1.2032,1.2188,1.2245,-0.005699999999999816,-0.4655,30070.46,25928.6644
3474,000006.SZ,20060929,1.2146,1.2416,1.2117,1.2245,1.2146,0.00990000000000002,0.8151,25554.64,22083.6592
3475,000006.SZ,20060928,1.2231,1.2231,1.2089,1.2146,1.216,-0.0014000000000000679,-0.1151,20838.0,17819.3285
3476,000006.SZ,20060927,1.2089,1.2231,1.1975,1.216,1.2089,0.007099999999999884,0.5873,13857.14,11784.647
3477,000006.SZ,20060926,1.2345,1.2487,1.2046,1.2089,1.2444,-0.035499999999999865,-2.8528,27756.54,23693.1369
3478,000006.SZ,20060925,1.2629,1.28,1.2302,1.2444,1.2544,-0.010000000000000009,-0.7972,26155.39,23224.8943
3479,000006.SZ,20060922,1.2643,1.2842,1.2515,1.2544,1.2643,-0.00990000000000002,-0.783,29222.53,25993.1749
3480,000006.SZ,20060921,1.2729,1.2942,1.2558,1.2643,1.2743,-0.010000000000000009,-0.7847,38536.4,34454.8693
3481,000006.SZ,20060920,1.2515,1.3056,1.2373,1.2743,1.2501,0.0242,1.9358,60284.35,54117.141
3482,000006.SZ,20060919,1.2302,1.2714,1.2302,1.2501,1.2217,0.02839999999999998,2.3246,37060.98,32770.4471
3483,000006.SZ,20060918,1.2231,1.2302,1.2089,1.2217,1.216,0.005700000000000038,0.4688,23496.49,20147.7538
3484,000006.SZ,20060915,1.1932,1.2217,1.1932,1.216,1.1975,0.01849999999999996,1.5449,26044.28,22209.319
3485,000006.SZ,20060914,1.2373,1.2373,1.1747,1.1975,1.2416,-0.04410000000000003,-3.5519,48991.69,41495.911
3486,000006.SZ,20060913,1.2672,1.27,1.2387,1.2416,1.2658,-0.0242,-1.9118,22887.85,20162.3513
3487,000006.SZ,20060912,1.2686,1.2771,1.2572,1.2658,1.2615,0.0042999999999999705,0.3409,29072.32,25889.837
3488,000006.SZ,20060911,1.2558,1.2658,1.2302,1.2615,1.2473,0.01419999999999999,1.1385,37774.55,33243.5821
3489,000006.SZ,20060908,1.2402,1.2729,1.2402,1.2473,1.2402,0.007100000000000106,0.5725,34429.44,30391.4949
3490,000006.SZ,20060907,1.2658,1.2658,1.2302,1.2402,1.2572,-0.017000000000000126,-1.3522,31135.77,27209.9458
3491,000006.SZ,20060906,1.2899,1.2899,1.2444,1.2572,1.2928,-0.035599999999999854,-2.7537,62447.46,55150.6437
3492,000006.SZ,20060905,1.3056,1.3283,1.2899,1.2928,1.307,-0.01419999999999999,-1.0865,35483.81,32599.1268
3493,000006.SZ,20060904,1.2999,1.3155,1.2828,1.307,1.3013,0.005700000000000038,0.438,29237.22,26759.877
3494,000006.SZ,20060901,1.3369,1.344,1.2871,1.3013,1.3326,-0.031300000000000106,-2.3488,45812.37,42123.6809
3495,000006.SZ,20060831,1.334,1.3554,1.3198,1.3326,1.334,-0.0014000000000000679,-0.1049,62115.98,58541.2988
3496,000006.SZ,20060830,1.2928,1.3397,1.2814,1.334,1.2928,0.041200000000000125,3.1869,61906.76,57311.0647
3497,000006.SZ,20060829,1.3198,1.3525,1.2928,1.2928,1.3141,-0.021300000000000097,-1.6209,82159.57,76536.3448
3498,000006.SZ,20060828,1.2473,1.3326,1.2444,1.3141,1.2473,0.06679999999999997,5.3556,95001.19,87337.4559
3499,000006.SZ,20060825,1.2501,1.2586,1.2345,1.2473,1.243,0.0042999999999999705,0.3459,30049.67,26370.5597
3500,000006.SZ,20060824,1.2316,1.2515,1.2188,1.243,1.2373,0.005700000000000038,0.4607,37738.53,32718.4719
3501,000006.SZ,20060823,1.2544,1.28,1.2373,1.2373,1.2601,-0.02279999999999993,-1.8094,57664.74,50902.9953
3502,000006.SZ,20060822,1.2899,1.2942,1.2544,1.2601,1.2828,-0.022699999999999942,-1.7696,69012.87,61505.5851
3503,000006.SZ,20060821,1.2387,1.3027,1.2387,1.2828,1.3568,-0.07400000000000007,-5.454,112199.37,100940.8629
3504,000006.SZ,20060818,1.344,1.3824,1.344,1.3568,1.3454,0.011400000000000077,0.8473,48840.62,46966.2311
3505,000006.SZ,20060817,1.3682,1.3767,1.3113,1.3454,1.3653,-0.01990000000000003,-1.4576,57739.35,54287.7215
3506,000006.SZ,20060816,1.3696,1.4094,1.3539,1.3653,1.3724,-0.007100000000000106,-0.5173,92956.55,90189.5563
3507,000006.SZ,20060815,1.2786,1.3767,1.2743,1.3724,1.2871,0.08530000000000015,6.6273,80967.43,76075.1754
3508,000006.SZ,20060814,1.3042,1.3298,1.2558,1.2871,1.2899,-0.0028000000000001357,-0.2171,37464.59,34010.1246
3509,000006.SZ,20060811,1.2515,1.3141,1.2373,1.2899,1.2558,0.03410000000000002,2.7154,41401.29,37239.5284
3510,000006.SZ,20060810,1.2174,1.2601,1.2117,1.2558,1.2117,0.04410000000000003,3.6395,30171.4,26372.8617
3511,000006.SZ,20060809,1.2131,1.233,1.2003,1.2117,1.2131,-0.0014000000000000679,-0.1154,17809.5,15199.4405
3512,000006.SZ,20060808,1.189,1.2202,1.1847,1.2131,1.1804,0.03270000000000017,2.7702,20198.8,17137.6029
3513,000006.SZ,20060807,1.1762,1.2018,1.1619,1.1804,1.2018,-0.021400000000000086,-1.7807,28179.69,23373.6255
3514,000006.SZ,20060804,1.2444,1.2658,1.1946,1.2018,1.2345,-0.03269999999999995,-2.6488,35953.67,31126.8969
3515,000006.SZ,20060803,1.2515,1.2515,1.2202,1.2345,1.243,-0.008500000000000174,-0.6838,18070.4,15675.4864
3516,000006.SZ,20060802,1.2316,1.2458,1.2089,1.243,1.2217,0.021300000000000097,1.7435,29107.61,25180.366
3517,000006.SZ,20060801,1.2089,1.2586,1.2046,1.2217,1.2202,0.0015000000000000568,0.1229,38869.7,33627.1923
3518,000006.SZ,20060731,1.3113,1.3113,1.2174,1.2202,1.3056,-0.08540000000000014,-6.5411,51503.37,45499.2578
3519,000006.SZ,20060728,1.3027,1.3298,1.2487,1.3056,1.2956,0.010000000000000009,0.7718,60629.65,55026.9549
3520,000006.SZ,20060727,1.344,1.3554,1.2743,1.2956,1.3554,-0.05979999999999985,-4.412,81213.33,74914.4208
3521,000006.SZ,20060726,1.3881,1.4137,1.3468,1.3554,1.3881,-0.03269999999999995,-2.3557,62576.8,60446.9101
3522,000006.SZ,20060725,1.3909,1.4151,1.3511,1.3881,1.3824,0.005699999999999816,0.4123,75152.11,72898.4876
3523,000006.SZ,20060724,1.3753,1.4208,1.3226,1.3824,1.3582,0.0242,1.7818,138531.5,135800.9722
3524,000006.SZ,20060721,1.3013,1.3895,1.28,1.3582,1.297,0.06120000000000014,4.7186,109460.54,103413.3818
3525,000006.SZ,20060720,1.2942,1.317,1.2416,1.297,1.2942,0.0027999999999999137,0.2163,63398.77,56626.3188
3526,000006.SZ,20060719,1.3354,1.344,1.2814,1.2942,1.3554,-0.06119999999999992,-4.5153,74573.36,68593.2506
3527,000006.SZ,20060718,1.3184,1.3738,1.2729,1.3554,1.3098,0.04559999999999986,3.4814,134370.56,124441.2185
3528,000006.SZ,20060717,1.1861,1.3098,1.1676,1.3098,1.1904,0.11940000000000017,10.0302,147349.3,129928.3854
3529,000006.SZ,20060714,1.1562,1.2387,1.1363,1.1904,1.1648,0.025599999999999845,2.1978,84399.45,70822.2708
3530,000006.SZ,20060713,1.2174,1.2771,1.1634,1.1648,1.2202,-0.055399999999999894,-4.5402,121082.81,103554.5226
3531,000006.SZ,20060712,1.1932,1.28,1.1804,1.2202,1.1932,0.026999999999999913,2.2628,99624.33,87128.2914
3532,000006.SZ,20060711,1.2018,1.216,1.169,1.1932,1.1946,-0.0014000000000000679,-0.1172,49875.44,41652.709
3533,000006.SZ,20060710,1.169,1.2046,1.169,1.1946,1.1662,0.028400000000000203,2.4353,73024.49,61262.1234
3534,000006.SZ,20060707,1.1662,1.1918,1.152,1.1662,1.1577,0.008499999999999952,0.7342,62969.96,51911.5131
3535,000006.SZ,20060706,1.1008,1.2003,1.1008,1.1577,1.0951,0.06259999999999999,5.7164,101518.14,83194.9657
3536,000006.SZ,20060705,1.125,1.1321,1.078,1.0951,1.1221,-0.027000000000000135,-2.4062,34503.92,26636.1786
3537,000006.SZ,20060704,1.1378,1.152,1.1022,1.1221,1.1449,-0.02279999999999993,-1.9914,51624.79,40948.1642
3538,000006.SZ,20060703,1.1278,1.1619,1.1207,1.1449,1.1292,0.015700000000000047,1.3904,62265.61,50299.063
3539,000006.SZ,20060630,1.1378,1.152,1.0979,1.1292,1.1093,0.01990000000000003,1.7939,99658.79,78684.3042
3540,000006.SZ,20060629,1.0069,1.1093,1.0041,1.1093,1.0083,0.10099999999999998,10.0169,74118.72,55735.1514
3541,000006.SZ,20060628,1.024,1.024,1.0069,1.0083,1.014,-0.005700000000000038,-0.5621,19333.21,13771.6752
3542,000006.SZ,20060627,1.0336,1.0405,1.0031,1.0142,1.0197,-0.00550000000000006,-0.5394,35508.17,26029.8985
3543,000006.SZ,20060623,0.9906,1.0211,0.9906,1.0197,0.9989,0.02080000000000004,2.0823,24391.78,17590.3063
3544,000006.SZ,20060622,1.0155,1.0155,0.9933,0.9989,1.0197,-0.02080000000000004,-2.0398,28089.77,20315.9279
3545,000006.SZ,20060621,1.0516,1.053,1.0155,1.0197,1.0308,-0.011099999999999888,-1.0768,25155.81,18582.3326
3546,000006.SZ,20060620,1.028,1.0336,1.0058,1.0308,1.0239,0.006899999999999906,0.6739,27053.52,19869.4773
3547,000006.SZ,20060619,1.0058,1.0377,0.985,1.0239,1.0155,0.008399999999999963,0.8272,39688.68,29139.6378
3548,000006.SZ,20060616,1.0086,1.0197,0.9975,1.0155,0.9961,0.019400000000000084,1.9476,34372.66,24991.5303
3549,000006.SZ,20060615,0.9753,1.0155,0.9739,0.9961,0.967,0.029100000000000015,3.0093,41863.09,30216.1668
3550,000006.SZ,20060614,0.9781,0.9878,0.9476,0.967,0.9809,-0.013900000000000023,-1.4171,35903.34,24917.9164
3551,000006.SZ,20060613,0.9878,1.0044,0.9711,0.9809,0.9836,-0.0027000000000000357,-0.2745,22223.62,15803.8493
3552,000006.SZ,20060612,0.9781,1.0072,0.9711,0.9836,0.9836,0.0,0.0,15727.79,11183.96
3553,000006.SZ,20060609,1.0072,1.0197,0.9781,0.9836,1.0072,-0.023600000000000065,-2.3431,23318.21,16821.1018
3554,000006.SZ,20060608,1.0072,1.0183,0.9781,1.0072,1.0114,-0.0041999999999999815,-0.4153,29375.81,21176.9733
3555,000006.SZ,20060607,1.0641,1.0877,0.9975,1.0114,1.0641,-0.05269999999999997,-4.9525,45535.18,34415.7271
3556,000006.SZ,20060606,1.0932,1.0932,1.0558,1.0641,1.0974,-0.033299999999999885,-3.0344,32088.18,24758.6767
3557,000006.SZ,20060605,1.0655,1.0988,1.0405,1.0974,1.0655,0.03190000000000004,2.9939,48391.25,37075.3938
3558,000006.SZ,20060602,1.121,1.121,1.0544,1.0655,1.1238,-0.05830000000000002,-5.1878,75272.0,58868.717
3559,000006.SZ,20060601,1.096,1.1349,1.0891,1.1238,1.1071,0.016699999999999937,1.5084,67197.59,53846.0301
3560,000006.SZ,20060531,1.1598,1.1612,1.1029,1.1071,1.1681,-0.06099999999999994,-5.2222,82293.86,66704.379
3561,000006.SZ,20060530,1.1362,1.2347,1.0932,1.1681,1.1543,0.013799999999999812,1.1955,106985.58,90800.2302
3562,000006.SZ,20060529,1.1681,1.1792,1.1349,1.1543,1.1681,-0.013799999999999812,-1.1814,57094.65,47500.6397
3563,000006.SZ,20060526,1.1668,1.1917,1.1321,1.1681,1.1681,0.0,0.0,77127.51,64140.8717
3564,000006.SZ,20060525,1.1085,1.1834,1.1085,1.1681,1.1085,0.059599999999999875,5.3766,108042.67,89999.4818
3565,000006.SZ,20060524,1.0683,1.121,1.0683,1.1085,1.078,0.03049999999999997,2.8293,81729.65,64681.2606
3566,000006.SZ,20060523,1.096,1.1376,1.0655,1.078,1.053,0.025000000000000133,2.3742,158756.2,125688.6768
3567,000006.SZ,20060519,1.0488,1.0613,1.0128,1.053,1.0461,0.006899999999999906,0.6596,59127.02,44298.0238
3568,000006.SZ,20060518,1.0183,1.071,0.992,1.0461,1.0377,0.008399999999999963,0.8095,57583.86,43155.081
3569,000006.SZ,20060517,1.0266,1.053,1.0142,1.0377,1.0211,0.01660000000000017,1.6257,51523.44,38285.2316
3570,000006.SZ,20060516,1.0683,1.0738,1.0128,1.0211,1.0669,-0.04580000000000006,-4.2928,65596.89,48730.1818
3571,000006.SZ,20060515,1.0197,1.071,0.9947,1.0669,1.0197,0.04719999999999991,4.6288,98657.45,72542.1413
3572,000006.SZ,20060512,1.0336,1.0405,0.9961,1.0197,1.0502,-0.03049999999999997,-2.9042,87382.62,63567.632
3573,000006.SZ,20060511,1.1154,1.1154,1.0488,1.0502,1.1154,-0.06519999999999992,-5.8454,84976.66,66209.7283
3574,000006.SZ,20060510,1.0585,1.1432,1.0516,1.1154,1.0585,0.05689999999999995,5.3755,82585.95,65801.6837
3575,000006.SZ,20060509,1.0807,1.0863,1.0461,1.0585,0.9878,0.07069999999999999,7.1573,98111.28,75606.7356
3576,000006.SZ,20060428,0.992,0.9989,0.9642,0.9878,1.0294,-0.04160000000000008,-4.0412,82071.89,58234.9228
3577,000006.SZ,20060427,1.0253,1.0461,1.0155,1.0294,1.0253,0.0040999999999999925,0.3999,40747.47,30183.233
3578,000006.SZ,20060426,1.0544,1.0738,1.0211,1.0253,1.0669,-0.04159999999999986,-3.8991,86452.84,64877.4795
3579,000006.SZ,20060425,1.0128,1.1071,0.9573,1.0669,1.0142,0.05269999999999997,5.1962,127484.5,95524.7031
3580,000006.SZ,20060424,1.0363,1.0669,0.9961,1.0142,0.9725,0.04169999999999996,4.2879,132849.04,99109.1269
3581,000006.SZ,20060421,0.8851,0.9725,0.8851,0.9725,0.8837,0.08879999999999999,10.0487,106581.85,72224.2831
3582,000006.SZ,20060420,0.9129,0.9198,0.881,0.8837,0.9087,-0.02499999999999991,-2.7512,36945.02,23750.7691
3583,000006.SZ,20060419,0.8851,0.924,0.8782,0.9087,0.8865,0.022199999999999998,2.5042,48342.24,31580.9815
3584,000006.SZ,20060418,0.8685,0.8921,0.8435,0.8865,0.874,0.012499999999999956,1.4302,62933.28,39156.0581
3585,000006.SZ,20060417,0.9101,0.917,0.8713,0.874,0.9115,-0.03749999999999998,-4.1141,69697.22,44652.1608
3586,000006.SZ,20060414,0.8948,0.9184,0.8879,0.9115,0.899,0.012499999999999956,1.3904,31811.43,20726.5791
3587,000006.SZ,20060413,0.9503,0.9545,0.8948,0.899,0.9545,-0.055499999999999994,-5.8146,40718.66,27078.8928
3588,000006.SZ,20060412,0.9836,0.9864,0.9489,0.9545,0.9864,-0.03190000000000004,-3.234,31743.97,21940.3005
3589,000006.SZ,20060411,0.992,1.01,0.9684,0.9864,0.992,-0.005599999999999938,-0.5645,33055.35,23440.4703
3590,000006.SZ,20060407,0.9767,1.0072,0.9628,0.992,0.9822,0.009800000000000031,0.9978,41237.38,29187.5504
3591,000006.SZ,20060406,0.992,1.0169,0.9698,0.9822,0.992,-0.009800000000000031,-0.9879,52226.84,37191.1799
3592,000006.SZ,20060405,0.9448,1.0017,0.9448,0.992,0.9337,0.05830000000000002,6.244,57592.67,40835.2562
3593,000006.SZ,20060404,0.9503,0.9614,0.9226,0.9337,0.9573,-0.023600000000000065,-2.4653,33505.67,22729.6488
3594,000006.SZ,20060403,0.8948,0.9642,0.8948,0.9573,0.8948,0.0625,6.9848,53166.64,36084.2265
3595,000006.SZ,20060331,0.8935,0.917,0.8671,0.8948,0.9018,-0.007000000000000006,-0.7762,29134.33,18662.6444
3596,000006.SZ,20060330,0.9365,0.9365,0.9018,0.9018,0.942,-0.0401999999999999,-4.2675,34045.77,22606.9707
3597,000006.SZ,20060329,0.9295,0.9684,0.9295,0.942,0.9337,0.008299999999999974,0.8889,40759.68,28031.3391
3598,000006.SZ,20060328,0.9434,0.9656,0.9295,0.9337,0.9157,0.018000000000000016,1.9657,30901.85,21125.8891
3599,000006.SZ,20060324,0.9046,0.9267,0.9018,0.9157,0.9087,0.007000000000000006,0.7703,22990.41,15147.7713
3600,000006.SZ,20060323,0.9295,0.9295,0.8935,0.9087,0.9281,-0.019400000000000084,-2.0903,27377.37,17928.3014
3601,000006.SZ,20060322,0.9018,0.9351,0.8948,0.9281,0.9018,0.02629999999999999,2.9164,30622.9,20354.0143
3602,000006.SZ,20060321,0.8948,0.9434,0.8879,0.9018,0.8948,0.007000000000000006,0.7823,48999.52,32407.5518
3603,000006.SZ,20060320,0.8477,0.9129,0.8477,0.8948,0.838,0.05680000000000007,6.778,42162.12,26928.4666
3604,000006.SZ,20060317,0.8158,0.8449,0.8158,0.838,0.831,0.007000000000000006,0.8424,15632.33,9389.5457
3605,000006.SZ,20060316,0.8227,0.8352,0.8158,0.831,0.8199,0.011099999999999999,1.3538,30002.9,17788.4618
3606,000006.SZ,20060315,0.8047,0.8366,0.8019,0.8199,0.8171,0.0027999999999999137,0.3427,21251.88,12611.0682
3607,000006.SZ,20060314,0.8477,0.8477,0.8158,0.8171,0.8477,-0.03059999999999996,-3.6098,70461.36,42252.7237
3608,000006.SZ,20060313,0.8171,0.8546,0.8144,0.8477,0.8171,0.03059999999999996,3.745,23083.83,13858.6464
3609,000006.SZ,20060310,0.8199,0.8421,0.8047,0.8171,0.8199,-0.0027999999999999137,-0.3415,26725.32,15714.6278
3610,000006.SZ,20060309,0.8158,0.831,0.8074,0.8199,0.8171,0.0027999999999999137,0.3427,15333.2,9014.2105
3611,000006.SZ,20060308,0.8615,0.8671,0.813,0.8171,0.8699,-0.05279999999999996,-6.0697,52971.68,31823.8586
3612,000006.SZ,20060307,0.9129,0.9143,0.8643,0.8699,0.9129,-0.04300000000000004,-4.7103,20234.27,12934.8854
3613,000006.SZ,20060306,0.9073,0.9157,0.8948,0.9129,0.9101,0.0028000000000000247,0.3077,7715.48,5054.8399
3614,000006.SZ,20060303,0.8893,0.9157,0.8726,0.9101,0.8893,0.02080000000000004,2.3389,19922.19,12807.5845
3615,000006.SZ,20060302,0.9087,0.9087,0.8893,0.8893,0.9087,-0.019399999999999973,-2.1349,19598.46,12668.7952
3616,000006.SZ,20060301,0.8574,0.9267,0.8574,0.9087,0.8574,0.0512999999999999,5.9832,54899.58,35556.0175
3617,000006.SZ,20060228,0.8532,0.8602,0.831,0.8574,0.8588,-0.0013999999999999568,-0.163,16712.88,10179.1245
3618,000006.SZ,20060227,0.8588,0.8629,0.8269,0.8588,0.8574,0.0013999999999999568,0.1633,25913.43,15696.2119
3619,000006.SZ,20060224,0.8685,0.8768,0.8574,0.8574,0.8685,-0.011099999999999999,-1.2781,9169.53,5716.1854
3620,000006.SZ,20060223,0.8657,0.8713,0.8518,0.8685,0.8685,0.0,0.0,17430.72,10800.2712
3621,000006.SZ,20060222,0.8393,0.8713,0.8324,0.8685,0.8393,0.029200000000000004,3.4791,45064.02,27871.2609
3622,000006.SZ,20060221,0.8255,0.8393,0.7977,0.8393,0.8296,0.009700000000000042,1.1692,32481.7,19153.4036
3623,000006.SZ,20060220,0.8324,0.8463,0.806,0.8296,0.8324,-0.0028000000000000247,-0.3364,38434.69,23035.848
3624,000006.SZ,20060217,0.8144,0.8366,0.8116,0.8324,0.831,0.0014000000000000679,0.1685,22824.24,13611.2749
3625,000006.SZ,20060216,0.8463,0.8546,0.8185,0.831,0.8491,-0.018100000000000005,-2.1317,32840.2,19842.0298
3626,000006.SZ,20060215,0.8324,0.8629,0.8269,0.8491,0.8282,0.02089999999999992,2.5235,64103.56,39120.3202
3627,000006.SZ,20060214,0.7797,0.8657,0.7797,0.8282,0.8005,0.027700000000000058,3.4603,50457.59,30135.3608
3628,000006.SZ,20060210,0.7741,0.8116,0.7741,0.8005,0.7825,0.018000000000000016,2.3003,29506.13,17032.0093
3629,000006.SZ,20060209,0.7506,0.8255,0.7506,0.7825,0.7506,0.03189999999999993,4.2499,34262.71,19383.647
3630,000006.SZ,20060208,0.7603,0.7603,0.7353,0.7506,0.763,-0.012399999999999967,-1.6252,19151.14,10314.0378
3631,000006.SZ,20060207,0.7797,0.7839,0.7325,0.763,0.788,-0.025000000000000022,-3.1726,42965.72,23275.7954
3632,000006.SZ,20060206,0.7741,0.7963,0.7353,0.788,0.7755,0.012500000000000067,1.6119,27929.55,15644.934
3633,000006.SZ,20060125,0.7325,0.7825,0.7284,0.7755,0.7367,0.038799999999999946,5.2667,39299.68,21573.0416
3634,000006.SZ,20060124,0.7103,0.7408,0.6978,0.7367,0.7075,0.029200000000000004,4.1272,29041.85,15171.2243
3635,000006.SZ,20060123,0.7075,0.7145,0.6881,0.7075,0.7103,-0.0028000000000000247,-0.3942,25574.24,12897.0523
3636,000006.SZ,20060120,0.6826,0.7131,0.6743,0.7103,0.6867,0.023600000000000065,3.4367,58203.6,29319.267
3637,000006.SZ,20060119,0.6937,0.7048,0.6812,0.6867,0.6923,-0.005600000000000049,-0.8089,28831.63,14420.7235
3638,000006.SZ,20060118,0.6659,0.6964,0.6632,0.6923,0.6659,0.02639999999999998,3.9646,35547.64,17516.4208
3639,000006.SZ,20060117,0.6659,0.6798,0.659,0.6659,0.6687,-0.0027999999999999137,-0.4187,19346.25,9328.7587
3640,000006.SZ,20060116,0.6756,0.6937,0.6645,0.6687,0.6784,-0.009700000000000042,-1.4298,37701.04,18506.6926
3641,000006.SZ,20060113,0.6659,0.6937,0.6618,0.6784,0.6659,0.012499999999999956,1.8772,85845.19,42303.877
3642,000006.SZ,20060112,0.6035,0.7075,0.6007,0.6659,0.5924,0.07350000000000001,12.4072,213621.48,103807.4933
3643,000006.SZ,20051202,0.4913,0.511,0.4902,0.4936,0.4971,-0.003500000000000003,-0.7041,57343.87,24861.2473
3644,000006.SZ,20051201,0.4751,0.5168,0.4717,0.4971,0.4751,0.021999999999999964,4.6306,55126.04,23680.66
3645,000006.SZ,20051130,0.4717,0.4751,0.4647,0.4751,0.4717,0.003400000000000014,0.7208,15243.56,6203.087
3646,000006.SZ,20051129,0.4728,0.4775,0.4671,0.4717,0.4728,-0.0010999999999999899,-0.2327,11501.86,4694.7072
3647,000006.SZ,20051128,0.4567,0.4798,0.4567,0.4728,0.459,0.013799999999999979,3.0065,22837.1,9322.0068
3648,000006.SZ,20051125,0.4474,0.4601,0.4451,0.459,0.4497,0.00930000000000003,2.068,13019.53,5101.9503
3649,000006.SZ,20051124,0.4543,0.4578,0.4439,0.4497,0.4497,0.0,0.0,13241.73,5144.2555
3650,000006.SZ,20051104,0.4474,0.452,0.4416,0.4497,0.4497,0.0,0.0,7927.45,3051.3824
3651,000006.SZ,20051103,0.4567,0.4601,0.4486,0.4497,0.4567,-0.007000000000000006,-1.5327,4711.91,1846.1434
3652,000006.SZ,20051102,0.4474,0.4613,0.4462,0.4567,0.4451,0.0116,2.6062,8700.7,3423.1901
3653,000006.SZ,20051101,0.452,0.4532,0.4428,0.4451,0.452,-0.006900000000000017,-1.5265,5508.05,2121.5838
3654,000006.SZ,20051031,0.452,0.4532,0.4416,0.452,0.4509,0.0010999999999999899,0.244,5855.19,2274.8503
3655,000006.SZ,20051028,0.452,0.4613,0.4451,0.4509,0.4451,0.005800000000000027,1.3031,10504.87,4082.9431
3656,000006.SZ,20051027,0.4647,0.4682,0.4416,0.4451,0.4682,-0.02310000000000001,-4.9338,25003.72,9777.3228
3657,000006.SZ,20051026,0.459,0.474,0.459,0.4682,0.4647,0.003500000000000003,0.7532,14454.39,5839.3905
3658,000006.SZ,20051025,0.474,0.474,0.4624,0.4647,0.474,-0.009299999999999975,-1.962,9393.8,3792.9536
3659,000006.SZ,20051024,0.4671,0.4763,0.4671,0.474,0.4694,0.004599999999999993,0.98,7196.01,2931.2477
3660,000006.SZ,20051021,0.4659,0.474,0.4647,0.4694,0.4682,0.0011999999999999789,0.2563,8463.46,3440.5276
3661,000006.SZ,20051020,0.474,0.474,0.459,0.4682,0.4751,-0.006900000000000017,-1.4523,22728.41,9099.9889
3662,000006.SZ,20051019,0.4879,0.489,0.4751,0.4751,0.4879,-0.012799999999999978,-2.6235,6448.26,2691.4487
3663,000006.SZ,20051018,0.4798,0.489,0.4717,0.4879,0.4763,0.0116,2.4354,9495.44,3966.0194
3664,000006.SZ,20051017,0.4775,0.4798,0.4636,0.4763,0.474,0.0023000000000000242,0.4852,7801.76,3191.388
3665,000006.SZ,20051014,0.4809,0.4844,0.474,0.474,0.4809,-0.006900000000000017,-1.4348,9864.85,4080.3895
3666,000006.SZ,20051013,0.4751,0.4832,0.4728,0.4809,0.4763,0.004599999999999993,0.9658,11049.34,4566.4717
3667,000006.SZ,20051012,0.4659,0.4809,0.4636,0.4763,0.4717,0.004599999999999993,0.9752,9478.01,3890.5443
3668,000006.SZ,20051011,0.459,0.474,0.459,0.4717,0.4636,0.008099999999999996,1.7472,7346.55,2972.438
3669,000006.SZ,20051010,0.4682,0.4717,0.4578,0.4636,0.4705,-0.006899999999999962,-1.4665,6638.44,2663.5531
3670,000006.SZ,20050930,0.4751,0.4751,0.4671,0.4705,0.4775,-0.007000000000000006,-1.466,5779.8,2357.0418
3671,000006.SZ,20050929,0.4624,0.4775,0.4624,0.4775,0.4613,0.016199999999999992,3.5118,8649.6,3523.0332
3672,000006.SZ,20050928,0.4555,0.4694,0.4555,0.4613,0.4601,0.0011999999999999789,0.2608,7842.81,3146.5998
3673,000006.SZ,20050927,0.4717,0.474,0.4567,0.4601,0.474,-0.013899999999999968,-2.9325,9963.91,3997.3086
3674,000006.SZ,20050926,0.4682,0.4775,0.4659,0.474,0.4659,0.008099999999999996,1.7386,6095.46,2494.174
3675,000006.SZ,20050923,0.4798,0.4798,0.4647,0.4659,0.4786,-0.012700000000000045,-2.6536,9001.29,3686.3753
3676,000006.SZ,20050922,0.4925,0.496,0.4671,0.4786,0.4902,-0.0116,-2.3664,13163.85,5508.0654
3677,000006.SZ,20050921,0.5064,0.5075,0.4867,0.4902,0.5075,-0.017299999999999927,-3.4089,18719.68,7998.1649
3678,000006.SZ,20050920,0.5214,0.5249,0.4983,0.5075,0.5249,-0.017400000000000082,-3.3149,34326.5,15101.7079
3679,000006.SZ,20050919,0.5214,0.5272,0.5145,0.5249,0.5168,0.008099999999999996,1.5673,16750.28,7549.4273
3680,000006.SZ,20050916,0.5214,0.5214,0.5133,0.5168,0.5225,-0.005699999999999927,-1.0909,11793.03,5278.2358
3681,000006.SZ,20050915,0.5202,0.526,0.5121,0.5225,0.5214,0.0010999999999999899,0.211,15348.74,6901.3992
3682,000006.SZ,20050914,0.5202,0.5237,0.5121,0.5214,0.5214,0.0,0.0,22326.7,10034.2086
3683,000006.SZ,20050913,0.5133,0.5225,0.5087,0.5214,0.5098,0.011599999999999944,2.2754,17629.86,7861.6454
3684,000006.SZ,20050912,0.5098,0.5179,0.5029,0.5098,0.5098,0.0,0.0,10579.27,4650.977
3685,000006.SZ,20050909,0.5145,0.5156,0.5006,0.5098,0.5133,-0.0034999999999999476,-0.6819,13942.01,6115.6021
3686,000006.SZ,20050908,0.5202,0.5283,0.5041,0.5133,0.5237,-0.010400000000000076,-1.9859,28282.08,12572.7877
3687,000006.SZ,20050907,0.5098,0.5295,0.5029,0.5237,0.511,0.012700000000000045,2.4853,48520.61,21864.3917
3688,000006.SZ,20050906,0.5168,0.5538,0.4994,0.511,0.5283,-0.017299999999999982,-3.2747,86592.63,39282.7893
3689,000006.SZ,20050905,0.526,0.5376,0.511,0.5283,0.5214,0.006900000000000017,1.3234,67497.59,30370.9591
3690,000006.SZ,20050902,0.5376,0.5422,0.5064,0.5214,0.5249,-0.0035000000000000586,-0.6668,70557.9,31812.46
3691,000006.SZ,20050901,0.4925,0.5249,0.4913,0.5249,0.4775,0.04740000000000005,9.9267,92613.02,41525.9913
3692,000006.SZ,20050831,0.452,0.4844,0.4497,0.4775,0.452,0.025499999999999967,5.6416,31578.21,12832.3817
3693,000006.SZ,20050830,0.4543,0.4555,0.4497,0.452,0.452,0.0,0.0,4434.44,1733.6776
3694,000006.SZ,20050829,0.4532,0.4601,0.4486,0.452,0.4543,-0.0022999999999999687,-0.5063,8382.72,3282.1255
3695,000006.SZ,20050826,0.4624,0.4647,0.452,0.4543,0.4624,-0.008099999999999996,-1.7517,8577.35,3380.8974
3696,000006.SZ,20050825,0.4567,0.4717,0.4532,0.4624,0.459,0.0033999999999999586,0.7407,9892.35,3951.4954
3697,000006.SZ,20050824,0.4532,0.4671,0.4497,0.459,0.4497,0.00930000000000003,2.068,10213.37,4025.7108
3698,000006.SZ,20050823,0.4509,0.459,0.4486,0.4497,0.4578,-0.008099999999999996,-1.7693,7793.78,3046.8002
3699,000006.SZ,20050822,0.4555,0.4624,0.4486,0.4578,0.4613,-0.003500000000000003,-0.7587,13433.91,5278.3474
3700,000006.SZ,20050819,0.4694,0.4786,0.4509,0.4613,0.4705,-0.009199999999999986,-1.9554,24704.56,9862.0792
3701,000006.SZ,20050818,0.4717,0.5191,0.4682,0.4705,0.4717,-0.0012000000000000344,-0.2544,64446.56,27755.7179
3702,000006.SZ,20050817,0.4601,0.4763,0.4486,0.4717,0.4601,0.0116,2.5212,29592.57,11957.964
3703,000006.SZ,20050816,0.4682,0.4763,0.4567,0.4601,0.4728,-0.012699999999999989,-2.6861,16304.91,6526.7894
3704,000006.SZ,20050815,0.4624,0.4728,0.4578,0.4728,0.4647,0.008099999999999996,1.7431,14107.17,5684.3437
3705,000006.SZ,20050812,0.4728,0.496,0.4636,0.4647,0.4694,-0.004699999999999982,-1.0013,35124.5,14576.0561
3706,000006.SZ,20050811,0.4613,0.4705,0.4555,0.4694,0.4613,0.008099999999999996,1.7559,25060.0,10098.4823
3707,000006.SZ,20050810,0.4613,0.4636,0.4497,0.4613,0.4613,0.0,0.0,12930.36,5106.735
3708,000006.SZ,20050809,0.459,0.4613,0.4497,0.4613,0.459,0.0022999999999999687,0.5011,13138.77,5176.343
3709,000006.SZ,20050808,0.4543,0.4647,0.452,0.459,0.4555,0.003500000000000003,0.7684,16334.7,6469.383
3710,000006.SZ,20050805,0.4474,0.4567,0.4462,0.4555,0.4474,0.008099999999999996,1.8105,11422.77,4480.7962
3711,000006.SZ,20050804,0.4428,0.4567,0.4393,0.4474,0.4486,-0.0011999999999999789,-0.2675,12039.35,4686.747
3712,000006.SZ,20050803,0.4451,0.4624,0.4405,0.4486,0.437,0.0116,2.6545,25979.68,10202.3832
3713,000006.SZ,20050802,0.4289,0.437,0.4243,0.437,0.4289,0.008099999999999996,1.8886,7842.2,2936.2276
3714,000006.SZ,20050801,0.4347,0.4382,0.4208,0.4289,0.4347,-0.005799999999999972,-1.3343,7804.5,2898.6757
3715,000006.SZ,20050728,0.4451,0.4486,0.4335,0.4347,0.4428,-0.008100000000000052,-1.8293,15975.13,6072.7655
3716,000006.SZ,20050727,0.437,0.4451,0.4277,0.4428,0.4439,-0.0010999999999999899,-0.2478,17441.78,6616.245
3717,000006.SZ,20050726,0.4277,0.4532,0.4277,0.4439,0.4301,0.013800000000000034,3.2086,26031.64,9935.1758
3718,000006.SZ,20050725,0.4335,0.4393,0.4254,0.4301,0.4335,-0.003400000000000014,-0.7843,11624.77,4337.9
3719,000006.SZ,20050722,0.4243,0.4393,0.415,0.4335,0.4162,0.017299999999999982,4.1567,30048.04,11240.9311
3720,000006.SZ,20050721,0.415,0.4254,0.4058,0.4162,0.4243,-0.008099999999999996,-1.909,15614.2,5606.3194
3721,000006.SZ,20050720,0.4104,0.4382,0.4035,0.4243,0.4139,0.01040000000000002,2.5127,34502.45,12642.9519
3722,000006.SZ,20050719,0.3931,0.4162,0.3908,0.4139,0.4,0.013899999999999968,3.475,11366.03,3998.7959
3723,000006.SZ,20050718,0.422,0.4266,0.3965,0.4,0.4139,-0.013899999999999968,-3.3583,17476.26,6203.5822
3724,000006.SZ,20050715,0.3884,0.415,0.3884,0.4139,0.3884,0.025499999999999967,6.5654,27061.15,9549.5756
3725,000006.SZ,20050714,0.4046,0.4046,0.3873,0.3884,0.4,-0.0116,-2.9,4706.2,1603.9699
3726,000006.SZ,20050713,0.3965,0.4104,0.3861,0.4,0.3942,0.005800000000000027,1.4713,9189.85,3161.8155
3727,000006.SZ,20050712,0.3746,0.3977,0.3642,0.3942,0.3792,0.015000000000000013,3.9557,5110.02,1715.853
3728,000006.SZ,20050711,0.4173,0.4266,0.3757,0.3792,0.4162,-0.03700000000000003,-8.89,5933.53,2048.4199
3729,000006.SZ,20050708,0.4301,0.4301,0.4139,0.4162,0.4289,-0.012699999999999989,-2.9611,3465.74,1253.6867
3730,000006.SZ,20050707,0.4312,0.4358,0.4254,0.4289,0.4277,0.0011999999999999789,0.2806,2400.6,889.0484
3731,000006.SZ,20050706,0.4382,0.4382,0.422,0.4277,0.4312,-0.003500000000000003,-0.8117,3005.2,1110.5478
3732,000006.SZ,20050705,0.4266,0.4393,0.4266,0.4312,0.4266,0.0046000000000000485,1.0783,5701.19,2139.2806
3733,000006.SZ,20050704,0.4289,0.4312,0.4185,0.4266,0.4358,-0.009200000000000041,-2.1111,5400.27,1979.9806
3734,000006.SZ,20050701,0.452,0.4555,0.4335,0.4358,0.452,-0.016199999999999992,-3.5841,7370.61,2817.2886
3735,000006.SZ,20050630,0.4659,0.4659,0.452,0.452,0.4659,-0.013899999999999968,-2.9835,4986.63,1969.1509
3736,000006.SZ,20050629,0.4659,0.4704,0.4659,0.4659,0.4625,0.0033999999999999586,0.7351,4019.73,1654.2092
3737,000006.SZ,20050628,0.4738,0.4738,0.4625,0.4625,0.4738,-0.011299999999999977,-2.385,9399.76,3844.5522
3738,000006.SZ,20050627,0.4659,0.4806,0.4659,0.4738,0.4659,0.007900000000000018,1.6956,9233.53,3855.1386
3739,000006.SZ,20050624,0.467,0.4693,0.4591,0.4659,0.4693,-0.003400000000000014,-0.7245,2831.73,1154.9663
3740,000006.SZ,20050623,0.4636,0.4772,0.4602,0.4693,0.4625,0.006799999999999973,1.4703,10114.87,4195.7431
3741,000006.SZ,20050622,0.4613,0.467,0.4579,0.4625,0.4659,-0.0033999999999999586,-0.7298,3489.6,1417.8744
3742,000006.SZ,20050621,0.4681,0.4704,0.4636,0.4659,0.467,-0.0011000000000000454,-0.2355,4123.69,1695.251
3743,000006.SZ,20050620,0.4568,0.467,0.4534,0.467,0.4568,0.010200000000000042,2.2329,5282.91,2150.5001
3744,000006.SZ,20050617,0.467,0.4681,0.4545,0.4568,0.4659,-0.009099999999999997,-1.9532,4424.69,1785.6135
3745,000006.SZ,20050616,0.4591,0.4716,0.4556,0.4659,0.4613,0.004599999999999993,0.9972,4825.01,1962.8713
3746,000006.SZ,20050615,0.467,0.475,0.4568,0.4613,0.467,-0.005700000000000038,-1.2206,5550.83,2282.5933
3747,000006.SZ,20050614,0.475,0.4806,0.4647,0.467,0.4761,-0.009099999999999997,-1.9114,6107.72,2540.7795
3748,000006.SZ,20050613,0.4795,0.4863,0.4659,0.4761,0.4772,-0.0010999999999999899,-0.2305,4446.72,1857.642
3749,000006.SZ,20050610,0.4795,0.4931,0.475,0.4772,0.4795,-0.0022999999999999687,-0.4797,10885.78,4616.4473
3750,000006.SZ,20050609,0.4863,0.4966,0.4716,0.4795,0.4863,-0.006800000000000028,-1.3983,16753.98,7118.896
3751,000006.SZ,20050608,0.4568,0.4886,0.4556,0.4863,0.4568,0.029500000000000026,6.458,19543.34,8210.1167
3752,000006.SZ,20050607,0.4511,0.467,0.4488,0.4568,0.4522,0.004599999999999993,1.0172,6967.4,2825.0233
3753,000006.SZ,20050606,0.4397,0.4534,0.4341,0.4522,0.4443,0.007900000000000018,1.7781,4612.17,1803.5433
3754,000006.SZ,20050603,0.4386,0.4477,0.4386,0.4443,0.442,0.0022999999999999687,0.5204,3668.63,1429.8583
3755,000006.SZ,20050602,0.45,0.4522,0.4386,0.442,0.4511,-0.009099999999999997,-2.0173,4053.39,1581.2146
3756,000006.SZ,20050601,0.4613,0.4613,0.4488,0.4511,0.4636,-0.012500000000000011,-2.6963,3697.33,1475.7505
3757,000006.SZ,20050531,0.4568,0.4636,0.4545,0.4636,0.4556,0.008000000000000007,1.7559,2702.79,1091.4877
3758,000006.SZ,20050530,0.45,0.4602,0.4477,0.4556,0.4568,-0.0011999999999999789,-0.2627,3872.58,1548.8086
3759,000006.SZ,20050527,0.4602,0.4727,0.4568,0.4568,0.4636,-0.006800000000000028,-1.4668,4501.57,1825.2336
3760,000006.SZ,20050526,0.4738,0.4772,0.4602,0.4636,0.4761,-0.012500000000000011,-2.6255,3326.11,1365.798
3761,000006.SZ,20050525,0.4704,0.4841,0.467,0.4761,0.4704,0.005700000000000038,1.2117,8828.86,3687.0085
3762,000006.SZ,20050524,0.4579,0.4716,0.4579,0.4704,0.4636,0.006799999999999973,1.4668,3139.6,1289.3812
3763,000006.SZ,20050523,0.4693,0.4716,0.4556,0.4636,0.4693,-0.005699999999999983,-1.2146,2852.73,1157.6648
3764,000006.SZ,20050520,0.4761,0.4795,0.467,0.4693,0.467,0.0022999999999999687,0.4925,6761.63,2812.5037
3765,000006.SZ,20050519,0.4591,0.475,0.4591,0.467,0.4636,0.003400000000000014,0.7334,6628.89,2729.4508
3766,000006.SZ,20050517,0.4477,0.4693,0.4477,0.4636,0.4488,0.014800000000000035,3.2977,6213.23,2525.4547
3767,000006.SZ,20050516,0.4556,0.4556,0.4431,0.4488,0.4625,-0.013700000000000045,-2.9622,7487.74,2954.3036
3768,000006.SZ,20050513,0.4784,0.4863,0.4443,0.4625,0.4806,-0.018100000000000005,-3.7661,10602.61,4341.0889
3769,000006.SZ,20050512,0.4818,0.4863,0.4716,0.4806,0.4875,-0.006899999999999962,-1.4154,5298.5,2229.8945
3770,000006.SZ,20050511,0.475,0.4931,0.4693,0.4875,0.4738,0.01369999999999999,2.8915,12068.72,5167.0205
3771,000006.SZ,20050510,0.4602,0.4761,0.4534,0.4738,0.4625,0.011299999999999977,2.4432,6006.98,2461.8884
3772,000006.SZ,20050509,0.4772,0.4886,0.4613,0.4625,0.4852,-0.022699999999999998,-4.6785,5689.7,2352.8016
3773,000006.SZ,20050429,0.4852,0.4988,0.4738,0.4852,0.4852,0.0,0.0,10012.3,4291.6763
3774,000006.SZ,20050428,0.4681,0.4966,0.4534,0.4852,0.4738,0.011400000000000021,2.4061,12264.97,5182.8572
3775,000006.SZ,20050427,0.4681,0.4761,0.467,0.4738,0.4727,0.0010999999999999899,0.2327,4543.3,1886.7406
3776,000006.SZ,20050426,0.4602,0.475,0.4511,0.4727,0.4613,0.011400000000000021,2.4713,6773.77,2765.3149
3777,000006.SZ,20050425,0.4579,0.4647,0.4443,0.4613,0.4579,0.003400000000000014,0.7425,6807.87,2697.4298
3778,000006.SZ,20050422,0.4545,0.4659,0.4443,0.4579,0.4545,0.0033999999999999586,0.7481,6473.44,2608.6416
3779,000006.SZ,20050421,0.4579,0.4613,0.442,0.4545,0.4602,-0.005699999999999983,-1.2386,8503.32,3378.3298
3780,000006.SZ,20050420,0.4761,0.4772,0.4568,0.4602,0.4761,-0.015900000000000025,-3.3396,7095.0,2908.6695
3781,000006.SZ,20050419,0.4738,0.4795,0.4693,0.4761,0.4738,0.0023000000000000242,0.4854,3926.65,1636.5994
3782,000006.SZ,20050418,0.4863,0.4875,0.4659,0.4738,0.4886,-0.01479999999999998,-3.0291,8052.39,3338.83
3783,000006.SZ,20050415,0.5136,0.5136,0.4841,0.4886,0.4988,-0.010200000000000042,-2.0449,10823.04,4754.4773
3784,000006.SZ,20050414,0.5113,0.517,0.4977,0.4988,0.5091,-0.010299999999999976,-2.0232,12870.36,5720.1749
3785,000006.SZ,20050413,0.4988,0.5113,0.4977,0.5091,0.4966,0.012500000000000011,2.5171,12618.97,5614.7794
3786,000006.SZ,20050412,0.4886,0.5147,0.4886,0.4966,0.4886,0.008000000000000007,1.6373,19414.6,8613.3803
3787,000006.SZ,20050411,0.4966,0.5,0.4829,0.4886,0.4977,-0.009099999999999997,-1.8284,10307.59,4463.1159
3788,000006.SZ,20050408,0.4829,0.5056,0.4772,0.4977,0.4841,0.013600000000000001,2.8093,21272.92,9279.0425
3789,000006.SZ,20050407,0.4636,0.4988,0.4591,0.4841,0.4647,0.019399999999999973,4.1747,18866.26,7973.944
3790,000006.SZ,20050406,0.475,0.4761,0.4579,0.4647,0.4681,-0.003400000000000014,-0.7263,8440.94,3449.4812
3791,000006.SZ,20050405,0.4659,0.4829,0.4613,0.4681,0.4613,0.006800000000000028,1.4741,11830.66,4943.8574
3792,000006.SZ,20050404,0.4659,0.4727,0.4579,0.4613,0.4738,-0.012500000000000011,-2.6382,7025.13,2859.5244
3793,000006.SZ,20050401,0.4647,0.4795,0.4568,0.4738,0.4659,0.007900000000000018,1.6956,12611.13,5201.3493
3794,000006.SZ,20050331,0.4443,0.4681,0.4443,0.4659,0.4522,0.01369999999999999,3.0296,10726.2,4350.8961
3795,000006.SZ,20050330,0.4409,0.4716,0.4352,0.4522,0.4477,0.004500000000000004,1.0051,10972.55,4389.0612
3796,000006.SZ,20050329,0.4431,0.4545,0.442,0.4477,0.4488,-0.0010999999999999899,-0.2451,1568.4,621.2738
3797,000006.SZ,20050328,0.4579,0.4579,0.4409,0.4488,0.4579,-0.009099999999999997,-1.9873,3790.36,1492.1154
3798,000006.SZ,20050325,0.4579,0.4591,0.45,0.4579,0.4545,0.0033999999999999586,0.7481,4268.41,1707.7587
3799,000006.SZ,20050324,0.4431,0.4591,0.4431,0.4545,0.4397,0.014800000000000035,3.3659,5243.37,2084.0191
3800,000006.SZ,20050323,0.4386,0.4534,0.4386,0.4397,0.4386,0.0010999999999999899,0.2508,5823.09,2273.794
3801,000006.SZ,20050322,0.4522,0.4568,0.4147,0.4386,0.4522,-0.013600000000000001,-3.0075,11158.21,4252.2856
3802,000006.SZ,20050321,0.4772,0.4784,0.4511,0.4522,0.4761,-0.023900000000000032,-5.02,8983.42,3675.259
3803,000006.SZ,20050318,0.4727,0.4806,0.4693,0.4761,0.4761,0.0,0.0,7241.95,3025.9972
3804,000006.SZ,20050317,0.4886,0.4886,0.4716,0.4761,0.4954,-0.019299999999999984,-3.8958,10782.38,4544.9653
3805,000006.SZ,20050316,0.4943,0.5022,0.4897,0.4954,0.5,-0.004599999999999993,-0.92,4519.37,1971.7809
3806,000006.SZ,20050315,0.5136,0.5136,0.4954,0.5,0.5147,-0.014700000000000046,-2.856,10003.47,4417.5485
3807,000006.SZ,20050314,0.5136,0.5227,0.5068,0.5147,0.5147,0.0,0.0,9211.84,4168.4529
3808,000006.SZ,20050311,0.5204,0.525,0.5125,0.5147,0.5227,-0.008000000000000007,-1.5305,9055.78,4133.4342
3809,000006.SZ,20050310,0.542,0.5454,0.5193,0.5227,0.5454,-0.022699999999999942,-4.1621,13586.3,6352.1731
3810,000006.SZ,20050309,0.5397,0.5579,0.5363,0.5454,0.5409,0.0044999999999999485,0.8319,17140.04,8289.8036
3811,000006.SZ,20050308,0.5352,0.5431,0.5318,0.5409,0.5397,0.0012000000000000899,0.2223,9773.83,4617.5327
3812,000006.SZ,20050307,0.5329,0.5409,0.5238,0.5397,0.5352,0.0044999999999999485,0.8408,8351.32,3936.5913
3813,000006.SZ,20050304,0.5227,0.5397,0.5147,0.5352,0.525,0.010199999999999987,1.9429,16395.6,7641.0769
3814,000006.SZ,20050303,0.517,0.5284,0.5125,0.525,0.517,0.008000000000000007,1.5474,5744.1,2633.1099
3815,000006.SZ,20050302,0.5352,0.5431,0.517,0.517,0.5375,-0.020499999999999963,-3.814,15742.27,7317.6832
3816,000006.SZ,20050301,0.5341,0.5454,0.5306,0.5375,0.5363,0.0011999999999999789,0.2238,11436.24,5419.1589
3817,000006.SZ,20050228,0.5352,0.5443,0.5341,0.5363,0.5397,-0.0033999999999999586,-0.63,9646.91,4573.6048
3818,000006.SZ,20050225,0.5431,0.5522,0.5375,0.5397,0.542,-0.0023000000000000798,-0.4244,16089.4,7727.6597
3819,000006.SZ,20050224,0.5352,0.5488,0.5341,0.542,0.542,0.0,0.0,14784.49,7036.8009
3820,000006.SZ,20050223,0.5341,0.5534,0.5295,0.542,0.5363,0.005700000000000038,1.0628,24718.17,11851.8256
3821,000006.SZ,20050222,0.525,0.5454,0.5159,0.5363,0.5204,0.015900000000000025,3.0553,22633.35,10622.8894
3822,000006.SZ,20050221,0.5091,0.5227,0.5091,0.5204,0.5102,0.010199999999999987,1.9992,6271.37,2858.2046
3823,000006.SZ,20050218,0.5216,0.5261,0.5091,0.5102,0.5216,-0.011399999999999966,-2.1856,7486.63,3394.9081
3824,000006.SZ,20050217,0.517,0.5227,0.5091,0.5216,0.5159,0.005699999999999927,1.1049,7290.1,3319.3384
3825,000006.SZ,20050216,0.525,0.5318,0.5147,0.5159,0.5181,-0.0021999999999999797,-0.4246,10798.2,4992.0444
3826,000006.SZ,20050204,0.5068,0.5261,0.5022,0.5181,0.5034,0.014700000000000046,2.9201,17529.55,7996.3097
3827,000006.SZ,20050203,0.5034,0.5227,0.4897,0.5034,0.5056,-0.0022000000000000908,-0.4351,20731.22,9286.9105
3828,000006.SZ,20050202,0.4727,0.5091,0.4681,0.5056,0.4727,0.03290000000000004,6.96,14473.49,6284.1801
3829,000006.SZ,20050201,0.4988,0.5125,0.467,0.4727,0.5045,-0.03179999999999994,-6.3033,18401.98,7914.2946
3830,000006.SZ,20050131,0.5034,0.5181,0.4977,0.5045,0.5034,0.0010999999999999899,0.2185,13282.12,5932.3608
3831,000006.SZ,20050128,0.5284,0.5341,0.5034,0.5034,0.5261,-0.022700000000000053,-4.3148,24161.86,10903.9226
3832,000006.SZ,20050127,0.55,0.5556,0.5227,0.5261,0.5522,-0.026100000000000012,-4.7265,20152.62,9553.6152
3833,000006.SZ,20050126,0.5613,0.5625,0.5443,0.5522,0.5625,-0.010299999999999976,-1.8311,24044.21,11697.2812
3834,000006.SZ,20050125,0.5397,0.5647,0.5284,0.5625,0.5431,0.019399999999999973,3.5721,55171.81,26837.0508
3835,000006.SZ,20050124,0.5318,0.5568,0.5295,0.5431,0.5193,0.023800000000000043,4.5831,32782.48,15639.8003
3836,000006.SZ,20050121,0.5454,0.5477,0.4931,0.5193,0.5477,-0.02839999999999998,-5.1853,34042.77,15623.0811
3837,000006.SZ,20050120,0.5443,0.5625,0.5341,0.5477,0.5386,0.009099999999999997,1.6896,38151.61,18438.2206
3838,000006.SZ,20050119,0.5534,0.5534,0.5306,0.5386,0.5534,-0.014800000000000035,-2.6744,22542.13,10679.8923
3839,000006.SZ,20050118,0.5477,0.559,0.5375,0.5534,0.5454,0.008000000000000007,1.4668,28233.03,13593.5923
3840,000006.SZ,20050117,0.5329,0.5534,0.5284,0.5454,0.5431,0.0022999999999999687,0.4235,31736.88,15201.2838
3841,000006.SZ,20050114,0.5625,0.5647,0.542,0.5431,0.5693,-0.0262,-4.6021,37197.34,18105.1271
3842,000006.SZ,20050113,0.5534,0.5738,0.542,0.5693,0.5534,0.015900000000000025,2.8731,70814.48,35015.0605
3843,000006.SZ,20050112,0.5602,0.5602,0.542,0.5534,0.5625,-0.009099999999999997,-1.6178,39110.85,18916.7608
3844,000006.SZ,20050111,0.5556,0.5818,0.5534,0.5625,0.5556,0.006900000000000017,1.2419,86549.15,43220.577
3845,000006.SZ,20050110,0.5545,0.5738,0.5386,0.5556,0.5295,0.026100000000000012,4.9292,124447.91,60591.4825
3846,000006.SZ,20050107,0.4818,0.5295,0.4795,0.5295,0.4818,0.047699999999999965,9.9004,24011.6,11011.8392
3847,000006.SZ,20050106,0.4852,0.4886,0.4772,0.4818,0.4841,-0.0022999999999999687,-0.4751,2575.89,1089.2308
3848,000006.SZ,20050105,0.4795,0.4863,0.4727,0.4841,0.4772,0.006899999999999962,1.4459,2933.69,1238.5483
3849,000006.SZ,20050104,0.4681,0.4795,0.4647,0.4772,0.4693,0.007900000000000018,1.6834,2865.06,1191.6318
3850,000006.SZ,20041231,0.4772,0.4772,0.467,0.4693,0.4693,0.0,0.0,2564.25,1057.829
3851,000006.SZ,20041230,0.4738,0.4784,0.4681,0.4693,0.4727,-0.003400000000000014,-0.7193,3212.9,1334.1801
3852,000006.SZ,20041229,0.4772,0.4818,0.4727,0.4727,0.4772,-0.004500000000000004,-0.943,2704.0,1132.871
3853,000006.SZ,20041228,0.4795,0.4806,0.4738,0.4772,0.4784,-0.0011999999999999789,-0.2508,2925.2,1226.8851
3854,000006.SZ,20041227,0.4806,0.4852,0.4727,0.4784,0.4806,-0.0022000000000000353,-0.4578,2509.35,1058.1795
3855,000006.SZ,20041224,0.4829,0.4863,0.4772,0.4806,0.4795,0.0011000000000000454,0.2294,2060.55,871.6709
3856,000006.SZ,20041223,0.4977,0.4977,0.4795,0.4795,0.4988,-0.01930000000000004,-3.8693,3144.9,1354.1074
3857,000006.SZ,20041222,0.4886,0.5,0.4841,0.4988,0.4841,0.014700000000000046,3.0366,3105.41,1346.9874
3858,000006.SZ,20041221,0.4829,0.4875,0.4795,0.4841,0.4761,0.007999999999999952,1.6803,2714.02,1153.6591
3859,000006.SZ,20041220,0.4761,0.4806,0.4647,0.4761,0.4761,0.0,0.0,2711.63,1131.9305
3860,000006.SZ,20041217,0.4772,0.4818,0.4761,0.4761,0.4772,-0.0010999999999999899,-0.2305,2898.39,1218.0019
3861,000006.SZ,20041216,0.4784,0.4875,0.4738,0.4772,0.4784,-0.0011999999999999789,-0.2508,3113.9,1311.7389
3862,000006.SZ,20041215,0.4875,0.492,0.4681,0.4784,0.4875,-0.009099999999999997,-1.8667,7731.88,3252.9172
3863,000006.SZ,20041214,0.492,0.4943,0.4841,0.4875,0.4909,-0.003400000000000014,-0.6926,3081.93,1323.5896
3864,000006.SZ,20041213,0.4852,0.4943,0.4772,0.4909,0.4852,0.005699999999999983,1.1748,4979.81,2132.123
3865,000006.SZ,20041210,0.5091,0.517,0.4841,0.4852,0.5113,-0.026099999999999957,-5.1046,13200.0,5785.9215
3866,000006.SZ,20041209,0.5227,0.5227,0.5022,0.5113,0.525,-0.013700000000000045,-2.6095,14002.92,6306.1469
3867,000006.SZ,20041208,0.5227,0.5261,0.5113,0.525,0.5159,0.009099999999999997,1.7639,7237.32,3291.2775
3868,000006.SZ,20041207,0.5329,0.5431,0.5136,0.5159,0.5329,-0.017000000000000015,-3.1901,13430.0,6229.7625
3869,000006.SZ,20041206,0.55,0.55,0.5329,0.5329,0.55,-0.017100000000000004,-3.1091,16613.92,7879.985
3870,000006.SZ,20041203,0.5443,0.559,0.5375,0.55,0.5454,0.0046000000000000485,0.8434,28760.63,13896.6952
3871,000006.SZ,20041202,0.525,0.5556,0.5227,0.5454,0.5216,0.023800000000000043,4.5629,50689.73,24199.2404
3872,000006.SZ,20041201,0.5284,0.5284,0.5147,0.5216,0.5216,0.0,0.0,9008.38,4142.043
3873,000006.SZ,20041130,0.5091,0.525,0.5011,0.5216,0.5079,0.013699999999999934,2.6974,10697.67,4866.9943
3874,000006.SZ,20041129,0.5227,0.5272,0.5056,0.5079,0.5159,-0.008000000000000007,-1.5507,9570.84,4361.8589
3875,000006.SZ,20041126,0.5113,0.5375,0.5113,0.5159,0.5034,0.012500000000000067,2.4831,16595.03,7664.4933
3876,000006.SZ,20041125,0.5136,0.5147,0.4977,0.5034,0.5136,-0.010199999999999987,-1.986,9055.04,4005.7444
3877,000006.SZ,20041124,0.5329,0.5375,0.5125,0.5136,0.5306,-0.017000000000000015,-3.2039,11404.37,5285.8757
3878,000006.SZ,20041123,0.5227,0.5329,0.5113,0.5306,0.5227,0.007899999999999907,1.5114,14606.76,6733.7192
3879,000006.SZ,20041122,0.5227,0.5261,0.5147,0.5227,0.5193,0.0034000000000000696,0.6547,11408.1,5233.6272
3880,000006.SZ,20041119,0.5079,0.5193,0.5056,0.5193,0.5079,0.011399999999999966,2.2445,12639.76,5718.6878
3881,000006.SZ,20041118,0.5,0.5091,0.4954,0.5079,0.5,0.007900000000000018,1.58,5067.14,2248.2824
3882,000006.SZ,20041117,0.4966,0.5022,0.4943,0.5,0.4988,0.0011999999999999789,0.2406,4834.61,2113.5401
3883,000006.SZ,20041116,0.5125,0.5136,0.4943,0.4988,0.5113,-0.012499999999999956,-2.4447,8188.51,3604.2628
3884,000006.SZ,20041115,0.5079,0.5227,0.5034,0.5113,0.5079,0.0033999999999999586,0.6694,5247.74,2354.1614
3885,000006.SZ,20041112,0.5056,0.5125,0.4966,0.5079,0.5125,-0.0045999999999999375,-0.8976,10338.45,4597.034
3886,000006.SZ,20041111,0.5284,0.5352,0.5113,0.5125,0.5284,-0.015900000000000025,-3.0091,24454.62,11214.4425
3887,000006.SZ,20041110,0.5227,0.5397,0.5113,0.5284,0.5227,0.005699999999999927,1.0905,30871.53,14302.4485
3888,000006.SZ,20041109,0.5056,0.5227,0.5011,0.5227,0.5045,0.018200000000000105,3.6075,21171.84,9585.0299
3889,000006.SZ,20041108,0.5045,0.5102,0.4954,0.5045,0.5045,0.0,0.0,10273.81,4548.063
3890,000006.SZ,20041105,0.4841,0.5045,0.4784,0.5045,0.4841,0.020399999999999974,4.214,14357.32,6264.6969
3891,000006.SZ,20041104,0.4909,0.5125,0.4829,0.4841,0.4795,0.004599999999999993,0.9593,20487.88,8914.602
3892,000006.SZ,20041103,0.4659,0.4818,0.4636,0.4795,0.4659,0.013600000000000001,2.9191,6429.5,2665.3416
3893,000006.SZ,20041102,0.4556,0.4659,0.4511,0.4659,0.4579,0.008000000000000007,1.7471,3909.08,1580.545
3894,000006.SZ,20041101,0.4602,0.4716,0.4522,0.4579,0.4772,-0.01930000000000004,-4.0444,9560.72,3856.2042
3895,000006.SZ,20041029,0.4761,0.4931,0.4477,0.4772,0.4977,-0.020499999999999963,-4.1189,17196.18,7243.4616
3896,000006.SZ,20041028,0.4863,0.5352,0.475,0.4977,0.4886,0.009099999999999997,1.8625,28302.44,12645.3224
3897,000006.SZ,20041027,0.4647,0.492,0.4636,0.4886,0.4613,0.02729999999999999,5.9181,20440.88,8592.3268
3898,000006.SZ,20041026,0.4522,0.4613,0.4443,0.4613,0.4522,0.009099999999999997,2.0124,4667.49,1857.8181
3899,000006.SZ,20041025,0.4613,0.4704,0.45,0.4522,0.45,0.0021999999999999797,0.4889,5179.06,2094.4277
3900,000006.SZ,20041022,0.45,0.4545,0.4295,0.45,0.45,0.0,0.0,9137.61,3582.701
3901,000006.SZ,20041021,0.4636,0.4681,0.4409,0.45,0.4602,-0.010199999999999987,-2.2164,7536.94,3014.422
3902,000006.SZ,20041020,0.4659,0.467,0.4568,0.4602,0.467,-0.006800000000000028,-1.4561,4834.01,1954.3599
3903,000006.SZ,20041019,0.4681,0.4818,0.4613,0.467,0.467,0.0,0.0,4504.83,1871.5203
3904,000006.SZ,20041018,0.4591,0.4704,0.4556,0.467,0.4579,0.009100000000000052,1.9873,3693.05,1507.982
3905,000006.SZ,20041015,0.4545,0.4647,0.4477,0.4579,0.4591,-0.0012000000000000344,-0.2614,7615.43,3050.8066
3906,000006.SZ,20041014,0.475,0.4772,0.4579,0.4591,0.475,-0.01589999999999997,-3.3474,8423.44,3461.6364
3907,000006.SZ,20041013,0.4943,0.5034,0.4659,0.475,0.4966,-0.021600000000000008,-4.3496,9941.16,4193.1851
3908,000006.SZ,20041012,0.5,0.5102,0.4954,0.4966,0.5068,-0.010200000000000042,-2.0126,6306.05,2784.0209
3909,000006.SZ,20041011,0.4988,0.517,0.4829,0.5068,0.4988,0.008000000000000007,1.6038,12267.56,5387.1405
3910,000006.SZ,20041008,0.4818,0.5,0.4772,0.4988,0.4818,0.017000000000000015,3.5284,5576.37,2401.875
3911,000006.SZ,20040930,0.5045,0.5102,0.4806,0.4818,0.5045,-0.022699999999999942,-4.4995,8318.18,3615.237
3912,000006.SZ,20040929,0.5125,0.5136,0.5,0.5045,0.5147,-0.010200000000000098,-1.9817,6849.0,3046.8493
3913,000006.SZ,20040928,0.5056,0.5204,0.5056,0.5147,0.5056,0.009099999999999997,1.7998,6927.75,3124.2435
3914,000006.SZ,20040927,0.5238,0.5341,0.5034,0.5056,0.5193,-0.013699999999999934,-2.6382,10733.05,4876.0221
3915,000006.SZ,20040924,0.5488,0.5602,0.517,0.5193,0.5511,-0.03180000000000005,-5.7703,20853.23,10020.0648
3916,000006.SZ,20040923,0.5363,0.5522,0.5284,0.5511,0.542,0.009099999999999997,1.679,14355.63,6818.5149
3917,000006.SZ,20040922,0.5704,0.5784,0.5409,0.542,0.5715,-0.02949999999999997,-5.1619,24434.76,11969.1864
3918,000006.SZ,20040921,0.5659,0.609,0.55,0.5715,0.5693,0.0021999999999999797,0.3864,40212.19,20499.376
3919,000006.SZ,20040920,0.5488,0.5704,0.5352,0.5693,0.5454,0.023900000000000032,4.3821,43076.82,20996.447
3920,000006.SZ,20040917,0.5306,0.5466,0.517,0.5454,0.5306,0.014800000000000035,2.7893,32340.96,15153.7194
3921,000006.SZ,20040916,0.5238,0.5375,0.5181,0.5306,0.5147,0.015899999999999914,3.0892,38299.85,17772.2331
3922,000006.SZ,20040915,0.4716,0.5147,0.467,0.5147,0.4681,0.04660000000000003,9.9551,31599.5,14055.5859
3923,000006.SZ,20040914,0.4522,0.475,0.4522,0.4681,0.4477,0.02040000000000003,4.5566,6045.52,2470.9846
3924,000006.SZ,20040913,0.4556,0.4625,0.4466,0.4477,0.4625,-0.014800000000000035,-3.2,3285.99,1310.5321
3925,000006.SZ,20040910,0.4545,0.467,0.4545,0.4625,0.4613,0.0012000000000000344,0.2601,2609.94,1062.388
3926,000006.SZ,20040909,0.4772,0.4772,0.4556,0.4613,0.4727,-0.011400000000000021,-2.4117,3604.19,1470.6718
3927,000006.SZ,20040908,0.4761,0.4772,0.4693,0.4727,0.4795,-0.006799999999999973,-1.4181,3244.53,1351.1312
3928,000006.SZ,20040907,0.4772,0.4841,0.4693,0.4795,0.4761,0.0033999999999999586,0.7141,3121.39,1311.6611
3929,000006.SZ,20040906,0.4761,0.4795,0.4693,0.4761,0.4784,-0.0022999999999999687,-0.4808,2485.78,1036.9318
3930,000006.SZ,20040903,0.4829,0.4829,0.4727,0.4784,0.4806,-0.0022000000000000353,-0.4578,3662.2,1542.0789
3931,000006.SZ,20040902,0.4659,0.4829,0.4659,0.4806,0.467,0.013600000000000001,2.9122,5522.43,2312.1111
3932,000006.SZ,20040901,0.475,0.475,0.4659,0.467,0.4727,-0.005699999999999983,-1.2058,2064.79,851.0175
3933,000006.SZ,20040831,0.4704,0.4841,0.4659,0.4727,0.4613,0.011400000000000021,2.4713,6133.71,2562.5346
3934,000006.SZ,20040830,0.4602,0.4647,0.4522,0.4613,0.4545,0.006799999999999973,1.4961,2163.45,873.0412
3935,000006.SZ,20040827,0.4681,0.4716,0.4431,0.4545,0.4681,-0.013600000000000001,-2.9054,6090.57,2456.5343
3936,000006.SZ,20040826,0.4761,0.4761,0.4625,0.4681,0.4829,-0.01479999999999998,-3.0648,5983.81,2460.8369
3937,000006.SZ,20040825,0.4784,0.5079,0.4704,0.4829,0.4772,0.005699999999999983,1.1945,14093.11,6018.7516
3938,000006.SZ,20040824,0.4556,0.4772,0.4556,0.4772,0.4545,0.022699999999999998,4.9945,11095.37,4597.4267
3939,000006.SZ,20040823,0.4511,0.4545,0.4431,0.4545,0.4522,0.0023000000000000242,0.5086,4479.66,1768.1733
3940,000006.SZ,20040820,0.4454,0.4602,0.4284,0.4522,0.4431,0.009099999999999997,2.0537,6453.38,2528.1412
3941,000006.SZ,20040819,0.4545,0.4556,0.4363,0.4431,0.4693,-0.0262,-5.5828,8015.66,3130.3696
3942,000006.SZ,20040818,0.467,0.4784,0.4602,0.4693,0.467,0.0022999999999999687,0.4925,5160.11,2139.0533
3943,000006.SZ,20040817,0.4841,0.4841,0.4545,0.467,0.4841,-0.01709999999999995,-3.5323,8138.08,3361.6732
3944,000006.SZ,20040816,0.5045,0.5091,0.475,0.4841,0.5091,-0.025000000000000022,-4.9106,7237.61,3116.9868
3945,000006.SZ,20040813,0.5045,0.517,0.5045,0.5091,0.5079,0.0011999999999999789,0.2363,9473.6,4261.896
3946,000006.SZ,20040812,0.5,0.5125,0.4966,0.5079,0.5034,0.0045000000000000595,0.8939,11518.63,5094.5311
3947,000006.SZ,20040811,0.4966,0.5125,0.4943,0.5034,0.4988,0.0045999999999999375,0.9222,5806.27,2575.3227
3948,000006.SZ,20040810,0.4966,0.5045,0.4943,0.4988,0.4954,0.003400000000000014,0.6863,5229.51,2299.6164
3949,000006.SZ,20040809,0.5022,0.5022,0.4852,0.4954,0.5022,-0.006799999999999973,-1.354,6345.71,2761.2325
3950,000006.SZ,20040806,0.5102,0.5159,0.4954,0.5022,0.5204,-0.018199999999999994,-3.4973,9829.31,4387.4671
3951,000006.SZ,20040805,0.4954,0.5397,0.4852,0.5204,0.4954,0.024999999999999967,5.0464,24899.56,11288.1256
3952,000006.SZ,20040804,0.4772,0.5056,0.4738,0.4954,0.4772,0.018199999999999994,3.8139,15321.55,6656.9413
3953,000006.SZ,20040803,0.4795,0.4886,0.475,0.4772,0.4806,-0.003400000000000014,-0.7074,4845.89,2039.5495
3954,000006.SZ,20040802,0.5056,0.5056,0.4772,0.4806,0.5068,-0.0262,-5.1697,5986.65,2557.8019
3955,000006.SZ,20040730,0.5113,0.5147,0.5056,0.5068,0.5147,-0.007900000000000018,-1.5349,2653.14,1186.078
3956,000006.SZ,20040729,0.5056,0.5147,0.5,0.5147,0.5056,0.009099999999999997,1.7998,3435.19,1535.7059
3957,000006.SZ,20040728,0.5022,0.5079,0.4977,0.5056,0.5022,0.0034000000000000696,0.677,2306.32,1020.5713
3958,000006.SZ,20040727,0.5091,0.5147,0.4954,0.5022,0.5056,-0.0034000000000000696,-0.6725,2558.07,1130.933
3959,000006.SZ,20040726,0.5056,0.5159,0.5022,0.5056,0.5136,-0.007999999999999896,-1.5576,2764.33,1237.4549
3960,000006.SZ,20040723,0.5011,0.5147,0.5,0.5136,0.5113,0.0022999999999999687,0.4498,2802.1,1247.6029
3961,000006.SZ,20040722,0.5272,0.5272,0.5079,0.5113,0.5284,-0.017100000000000004,-3.2362,4562.49,2061.8864
3962,000006.SZ,20040721,0.5227,0.5329,0.5227,0.5284,0.5204,0.008000000000000007,1.5373,3531.11,1640.114
3963,000006.SZ,20040720,0.5295,0.5397,0.517,0.5204,0.5295,-0.009099999999999997,-1.7186,3938.68,1810.2323
3964,000006.SZ,20040719,0.5375,0.5375,0.525,0.5295,0.5375,-0.008000000000000007,-1.4884,5254.0,2452.4914
3965,000006.SZ,20040716,0.5193,0.5431,0.5113,0.5375,0.5193,0.018199999999999994,3.5047,8034.87,3793.1653
3966,000006.SZ,20040715,0.5091,0.5216,0.4966,0.5193,0.5102,0.009099999999999997,1.7836,5501.18,2480.5443
3967,000006.SZ,20040714,0.5341,0.5341,0.4954,0.5102,0.5341,-0.023900000000000032,-4.4748,8706.96,3902.1099
3968,000006.SZ,20040713,0.5454,0.5477,0.5295,0.5341,0.5477,-0.013599999999999945,-2.4831,6823.2,3230.7753
3969,000006.SZ,20040712,0.5568,0.5579,0.5454,0.5477,0.5568,-0.009099999999999997,-1.6343,4960.49,2393.1452
3970,000006.SZ,20040709,0.5772,0.5795,0.5556,0.5568,0.5772,-0.020400000000000085,-3.5343,6882.0,3429.6465
3971,000006.SZ,20040708,0.5772,0.5818,0.5693,0.5772,0.5772,0.0,0.0,3867.09,1958.4842
3972,000006.SZ,20040707,0.5852,0.5852,0.575,0.5772,0.5875,-0.010299999999999976,-1.7532,2605.31,1323.903
3973,000006.SZ,20040706,0.5818,0.5897,0.575,0.5875,0.5818,0.005700000000000038,0.9797,5243.18,2699.1928
3974,000006.SZ,20040705,0.5761,0.584,0.5738,0.5818,0.584,-0.0021999999999999797,-0.3767,4088.35,2077.9207
3975,000006.SZ,20040702,0.5943,0.5943,0.5795,0.584,0.5943,-0.010300000000000087,-1.7331,3423.67,1764.6788
3976,000006.SZ,20040701,0.5715,0.5943,0.5704,0.5943,0.5738,0.020500000000000074,3.5727,6028.35,3117.4148
3977,000006.SZ,20040630,0.5863,0.5909,0.5727,0.5738,0.5886,-0.014800000000000035,-2.5144,4133.34,2115.5584
3978,000006.SZ,20040629,0.5795,0.5897,0.5704,0.5886,0.5818,0.006800000000000028,1.1688,4621.55,2365.1427
3979,000006.SZ,20040628,0.6193,0.6193,0.5772,0.5818,0.625,-0.043200000000000016,-6.912,8033.62,4191.1715
3980,000006.SZ,20040625,0.6386,0.642,0.625,0.625,0.6363,-0.011299999999999977,-1.7759,7843.87,4342.3545
3981,000006.SZ,20040624,0.6363,0.6545,0.6363,0.6363,0.6477,-0.011400000000000077,-1.7601,5683.93,3209.0061
3982,000006.SZ,20040623,0.659,0.659,0.6363,0.6477,0.6579,-0.010199999999999987,-1.5504,3895.01,2208.073
3983,000006.SZ,20040622,0.6488,0.6693,0.6488,0.6579,0.6522,0.005700000000000038,0.874,9164.28,5337.651
3984,000006.SZ,20040621,0.634,0.6534,0.6306,0.6522,0.6363,0.015900000000000025,2.4988,3557.0,2010.4696
3985,000006.SZ,20040618,0.6397,0.6443,0.625,0.6363,0.6465,-0.010199999999999987,-1.5777,6181.1,3442.6323
3986,000006.SZ,20040617,0.659,0.6693,0.6431,0.6465,0.659,-0.012500000000000067,-1.8968,5093.82,2922.1012
3987,000006.SZ,20040616,0.6568,0.6704,0.6465,0.659,0.6568,0.0021999999999999797,0.335,6830.46,3957.7212
3988,000006.SZ,20040615,0.6329,0.6647,0.6306,0.6568,0.6329,0.023900000000000032,3.7763,5333.28,3028.9112
3989,000006.SZ,20040614,0.6579,0.6647,0.625,0.6329,0.6522,-0.019299999999999984,-2.9592,11815.21,6683.9802
3990,000006.SZ,20040611,0.6306,0.6727,0.6306,0.6522,0.6363,0.015900000000000025,2.4988,11407.91,6637.8209
3991,000006.SZ,20040610,0.6306,0.6477,0.625,0.6363,0.634,0.0022999999999999687,0.3628,7541.87,4230.8799
3992,000006.SZ,20040609,0.6818,0.6852,0.6329,0.634,0.6795,-0.045499999999999985,-6.6961,14038.56,8056.0346
3993,000006.SZ,20040608,0.6874,0.6954,0.6761,0.6795,0.6886,-0.009099999999999997,-1.3215,10701.41,6442.5289
3994,000006.SZ,20040607,0.7011,0.7056,0.6863,0.6886,0.7011,-0.012499999999999956,-1.7829,11159.24,6807.316
3995,000006.SZ,20040604,0.6897,0.7136,0.6897,0.7011,0.6897,0.011399999999999966,1.6529,17572.5,10906.4942
3996,000006.SZ,20040603,0.7079,0.7102,0.6874,0.6897,0.7079,-0.018199999999999994,-2.571,18399.98,11239.0699
3997,000006.SZ,20040602,0.6829,0.7159,0.6772,0.7079,0.6829,0.025000000000000022,3.6609,38262.03,23705.1332
3998,000006.SZ,20040601,0.659,0.6874,0.659,0.6829,0.6534,0.02949999999999997,4.5148,21390.38,12799.7104
3999,000006.SZ,20040531,0.6306,0.6647,0.6306,0.6534,0.634,0.019399999999999973,3.0599,7311.0,4217.5125
4000,000006.SZ,20040528,0.6534,0.6534,0.6306,0.634,0.6522,-0.018199999999999994,-2.7906,6733.36,3797.798
4001,000006.SZ,20040527,0.6159,0.6647,0.6159,0.6522,0.6227,0.02949999999999997,4.7374,14057.13,8053.0958
4002,000006.SZ,20040526,0.6136,0.6284,0.6125,0.6227,0.6227,0.0,0.0,4454.37,2435.09
4003,000006.SZ,20040525,0.65,0.65,0.6193,0.6227,0.65,-0.02729999999999999,-4.2,9949.89,5515.4916
4004,000006.SZ,20040524,0.6647,0.6659,0.6488,0.65,0.6647,-0.014699999999999935,-2.2115,4127.0,2382.6636
4005,000006.SZ,20040520,0.6727,0.6784,0.6556,0.6647,0.6715,-0.006800000000000028,-1.0127,4063.18,2376.6717
4006,000006.SZ,20040519,0.6761,0.6874,0.6693,0.6715,0.6772,-0.005700000000000038,-0.8417,7270.18,4347.0013
4007,000006.SZ,20040518,0.6613,0.6795,0.6534,0.6772,0.6534,0.023800000000000043,3.6425,5109.43,3000.9048
4008,000006.SZ,20040517,0.6534,0.659,0.6397,0.6534,0.6579,-0.0045000000000000595,-0.684,3861.55,2213.6714
4009,000006.SZ,20040514,0.684,0.684,0.6534,0.6579,0.684,-0.026100000000000012,-3.8158,7318.86,4263.7548
4010,000006.SZ,20040513,0.6931,0.6931,0.6715,0.684,0.6965,-0.012499999999999956,-1.7947,8074.43,4847.5497
4011,000006.SZ,20040512,0.659,0.6988,0.6545,0.6965,0.6488,0.047699999999999965,7.352,19195.11,11508.7525
4012,000006.SZ,20040511,0.6477,0.6545,0.6363,0.6488,0.6477,0.0010999999999999899,0.1698,3749.61,2137.4331
4013,000006.SZ,20040510,0.6647,0.667,0.642,0.6477,0.6693,-0.021599999999999953,-3.2273,4889.4,2802.3425
4014,000006.SZ,20040430,0.6568,0.6795,0.6477,0.6693,0.65,0.019299999999999984,2.9692,9880.68,5785.1697
4015,000006.SZ,20040429,0.6522,0.6625,0.6465,0.65,0.6545,-0.0044999999999999485,-0.6875,5393.06,3102.4965
4016,000006.SZ,20040428,0.6295,0.6647,0.6261,0.6545,0.6375,0.017000000000000015,2.6667,8193.63,4694.7784
4017,000006.SZ,20040427,0.6568,0.6636,0.6363,0.6375,0.6579,-0.020400000000000085,-3.1008,11709.16,6609.8403
4018,000006.SZ,20040426,0.6636,0.6681,0.6454,0.6579,0.667,-0.009099999999999997,-1.3643,5780.51,3347.3122
4019,000006.SZ,20040423,0.6681,0.6784,0.6647,0.667,0.6784,-0.011399999999999966,-1.6804,9017.29,5323.0192
4020,000006.SZ,20040422,0.6522,0.6863,0.6454,0.6784,0.6568,0.021599999999999953,3.2887,17894.04,10542.8836
4021,000006.SZ,20040421,0.6613,0.6715,0.6272,0.6568,0.692,-0.0351999999999999,-5.0867,28551.43,16384.542
4022,000006.SZ,20040420,0.6943,0.7068,0.6874,0.692,0.6943,-0.0023000000000000798,-0.3313,8122.76,4977.5282
4023,000006.SZ,20040419,0.7056,0.7056,0.6874,0.6943,0.7045,-0.010199999999999987,-1.4478,11389.08,6981.3867
4024,000006.SZ,20040416,0.7215,0.7249,0.6556,0.7045,0.7215,-0.017000000000000015,-2.3562,33734.22,20522.7422
4025,000006.SZ,20040415,0.7613,0.7704,0.7102,0.7215,0.7613,-0.03979999999999995,-5.2279,17975.4,11675.7262
4026,000006.SZ,20040414,0.7954,0.7977,0.7499,0.7613,0.7943,-0.03300000000000003,-4.1546,15800.79,10647.7473
4027,000006.SZ,20040413,0.7988,0.809,0.7897,0.7943,0.7988,-0.0044999999999999485,-0.5633,9267.38,6532.9479
4028,000006.SZ,20040412,0.7965,0.8056,0.7897,0.7988,0.8022,-0.0034000000000000696,-0.4238,12624.27,8845.0634
4029,000006.SZ,20040409,0.8295,0.834,0.7988,0.8022,0.8272,-0.025000000000000022,-3.0222,20925.52,14951.4248
4030,000006.SZ,20040408,0.842,0.8499,0.8272,0.8272,0.8408,-0.013599999999999945,-1.6175,15820.63,11659.0564
4031,000006.SZ,20040407,0.8511,0.8522,0.8397,0.8408,0.8511,-0.010299999999999976,-1.2102,13734.67,10186.3538
4032,000006.SZ,20040406,0.859,0.859,0.8386,0.8511,0.859,-0.007900000000000018,-0.9197,14484.6,10767.8614
4033,000006.SZ,20040405,0.8647,0.8681,0.8408,0.859,0.8636,-0.0046000000000000485,-0.5327,17127.16,12858.0726
4034,000006.SZ,20040402,0.8465,0.8681,0.8454,0.8636,0.8465,0.017100000000000004,2.0201,30827.91,23313.486
4035,000006.SZ,20040401,0.8477,0.8533,0.8352,0.8465,0.8443,0.0021999999999999797,0.2606,14900.14,11112.0903
4036,000006.SZ,20040331,0.8408,0.8624,0.8386,0.8443,0.834,0.010300000000000087,1.235,22108.17,16559.5536
4037,000006.SZ,20040330,0.8181,0.8363,0.8181,0.834,0.8204,0.013599999999999945,1.6577,10859.45,7886.1083
4038,000006.SZ,20040329,0.8443,0.8477,0.8181,0.8204,0.8477,-0.02729999999999999,-3.2205,13633.49,9947.0468
4039,000006.SZ,20040326,0.8568,0.8636,0.8465,0.8477,0.8545,-0.006800000000000028,-0.7958,18043.29,13551.4549
4040,000006.SZ,20040325,0.8318,0.8556,0.8295,0.8545,0.8318,0.022700000000000053,2.729,22870.8,16996.0728
4041,000006.SZ,20040324,0.8295,0.8374,0.8249,0.8318,0.8306,0.0011999999999999789,0.1445,11993.95,8773.2481
4042,000006.SZ,20040323,0.8465,0.8499,0.8249,0.8306,0.8431,-0.012499999999999956,-1.4826,13620.99,9945.8759
4043,000006.SZ,20040322,0.8431,0.8522,0.8352,0.8431,0.842,0.0010999999999999899,0.1306,15355.5,11396.0638
4044,000006.SZ,20040319,0.8386,0.8499,0.8238,0.842,0.8261,0.015900000000000025,1.9247,16255.42,11981.1416
4045,000006.SZ,20040318,0.8693,0.8715,0.8238,0.8261,0.8488,-0.022700000000000053,-2.6744,26200.88,19562.7252
4046,000006.SZ,20040317,0.8318,0.8613,0.8318,0.8488,0.8306,0.018199999999999994,2.1912,31662.1,23653.5165
4047,000006.SZ,20040316,0.8352,0.8499,0.8249,0.8306,0.834,-0.0033999999999999586,-0.4077,16027.78,11746.3859
4048,000006.SZ,20040315,0.8193,0.8386,0.8136,0.834,0.8204,0.013599999999999945,1.6577,16546.65,12088.1933
4049,000006.SZ,20040312,0.8238,0.8329,0.8124,0.8204,0.834,-0.013599999999999945,-1.6307,18307.06,13203.6874
4050,000006.SZ,20040311,0.7954,0.8636,0.7761,0.834,0.792,0.041999999999999926,5.303,42213.41,30623.0612
4051,000006.SZ,20040310,0.7693,0.7943,0.767,0.792,0.7693,0.022700000000000053,2.9507,12199.32,8372.5673
4052,000006.SZ,20040309,0.7818,0.7943,0.7681,0.7693,0.7863,-0.017000000000000015,-2.162,17189.64,11810.8253
4053,000006.SZ,20040308,0.8136,0.8261,0.784,0.7863,0.8136,-0.02729999999999999,-3.3555,14760.18,10444.1848
4054,000006.SZ,20040305,0.8397,0.8454,0.8113,0.8136,0.8397,-0.026100000000000012,-3.1083,19849.46,14365.8833
4055,000006.SZ,20040304,0.8522,0.8533,0.817,0.8397,0.8488,-0.009099999999999997,-1.0721,21508.73,15710.9799
4056,000006.SZ,20040303,0.8488,0.8852,0.8352,0.8488,0.8522,-0.0033999999999999586,-0.399,23976.0,18164.7188
4057,000006.SZ,20040302,0.8636,0.8658,0.8465,0.8522,0.867,-0.014800000000000035,-1.707,22125.59,16641.0807
4058,000006.SZ,20040301,0.8408,0.8715,0.8238,0.867,0.8431,0.023900000000000032,2.8348,27920.35,20911.4709
4059,000006.SZ,20040227,0.8238,0.8465,0.8181,0.8431,0.8227,0.020399999999999974,2.4796,19764.69,14428.1834
4060,000006.SZ,20040226,0.8295,0.8465,0.8079,0.8227,0.8374,-0.014700000000000046,-1.7554,29779.89,21623.0407
4061,000006.SZ,20040225,0.892,0.9033,0.8306,0.8374,0.892,-0.05459999999999998,-6.1211,44504.05,34039.3177
4062,000006.SZ,20040224,0.8829,0.8954,0.8636,0.892,0.884,0.008000000000000007,0.905,45160.32,34837.1936
4063,000006.SZ,20040223,0.9249,0.934,0.8806,0.884,0.9193,-0.0353,-3.8399,69388.58,55500.5099
4064,000006.SZ,20040220,0.8863,0.9374,0.884,0.9193,0.884,0.0353,3.9932,84837.68,67830.6778
4065,000006.SZ,20040219,0.892,0.9022,0.8693,0.884,0.8897,-0.005700000000000038,-0.6407,53251.86,41255.3198
4066,000006.SZ,20040218,0.8693,0.9238,0.8636,0.8897,0.8658,0.023900000000000032,2.7605,120184.57,94574.1586
4067,000006.SZ,20040217,0.8636,0.892,0.8522,0.8658,0.8636,0.0021999999999999797,0.2547,68306.9,52335.866
4068,000006.SZ,20040216,0.8295,0.8874,0.8261,0.8636,0.8283,0.0353,4.2617,74791.22,56544.6338
4069,000006.SZ,20040213,0.8408,0.8715,0.8181,0.8283,0.8408,-0.012499999999999956,-1.4867,92742.31,68944.7183
4070,000006.SZ,20040212,0.8783,0.9068,0.8386,0.8408,0.9079,-0.06710000000000005,-7.3907,126888.45,97441.4599
4071,000006.SZ,20040211,0.8522,0.9352,0.8249,0.9079,0.8499,0.05800000000000005,6.8243,206355.08,158323.2948
4072,000006.SZ,20040210,0.8499,0.8499,0.8079,0.8499,0.7727,0.07719999999999994,9.9909,157235.94,115271.7024
4073,000006.SZ,20040209,0.717,0.7727,0.7102,0.7727,0.7022,0.07050000000000001,10.0399,34128.32,22733.3968
4074,000006.SZ,20040206,0.7147,0.7272,0.6999,0.7022,0.709,-0.006799999999999917,-0.9591,33595.64,21108.9298
4075,000006.SZ,20040205,0.7261,0.7261,0.6988,0.709,0.7204,-0.011400000000000077,-1.5825,40506.39,25225.3305
4076,000006.SZ,20040204,0.6909,0.7215,0.6909,0.7204,0.6784,0.04200000000000004,6.191,56471.21,35350.2002
4077,000006.SZ,20040203,0.6693,0.6852,0.659,0.6784,0.6625,0.015900000000000025,2.4,37205.8,22131.4109
4078,000006.SZ,20040202,0.6647,0.6772,0.6465,0.6625,0.6511,0.011399999999999966,1.7509,36400.43,21232.2087
4079,000006.SZ,20040130,0.642,0.6795,0.6204,0.6511,0.6397,0.011399999999999966,1.7821,33710.01,19282.1078
4080,000006.SZ,20040129,0.6227,0.6431,0.6204,0.6397,0.6181,0.021600000000000064,3.4946,20982.24,11703.8133
4081,000006.SZ,20040116,0.609,0.6215,0.6079,0.6181,0.6011,0.017000000000000015,2.8281,27297.3,14813.8177
4082,000006.SZ,20040115,0.6022,0.6204,0.6,0.6011,0.6,0.0010999999999999899,0.1833,19700.21,10560.3333
4083,000006.SZ,20040114,0.6,0.6068,0.5897,0.6,0.6011,-0.0010999999999999899,-0.183,13838.72,7299.7106
4084,000006.SZ,20040113,0.5875,0.6113,0.5829,0.6011,0.5863,0.014799999999999924,2.5243,23056.93,12126.8903
4085,000006.SZ,20040112,0.5875,0.5954,0.5818,0.5863,0.5875,-0.0011999999999999789,-0.2043,11388.76,5872.5753
4086,000006.SZ,20040109,0.5965,0.5988,0.5852,0.5875,0.5988,-0.011299999999999977,-1.8871,17268.06,8978.4004
4087,000006.SZ,20040108,0.5852,0.6011,0.5761,0.5988,0.584,0.014800000000000035,2.5342,22523.49,11597.9812
4088,000006.SZ,20040107,0.575,0.5965,0.5727,0.584,0.575,0.009000000000000008,1.5652,15645.42,8038.0905
4089,000006.SZ,20040106,0.592,0.5965,0.5693,0.575,0.5909,-0.015900000000000025,-2.6908,24730.55,12565.4603
4090,000006.SZ,20040105,0.6,0.6022,0.5829,0.5909,0.6,-0.009099999999999997,-1.5167,19377.58,10025.7089
4091,000006.SZ,20040102,0.6022,0.6113,0.592,0.6,0.5965,0.0034999999999999476,0.5868,13414.32,7083.0696
4092,000006.SZ,20031231,0.6011,0.6045,0.5886,0.5965,0.6022,-0.005699999999999927,-0.9465,9531.68,4984.1486
4093,000006.SZ,20031230,0.6079,0.6181,0.5818,0.6022,0.6113,-0.009099999999999997,-1.4886,24799.23,13041.1107
4094,000006.SZ,20031229,0.625,0.6306,0.6034,0.6113,0.6522,-0.04090000000000005,-6.2711,39155.57,21214.5241
4095,000006.SZ,20031226,0.6988,0.7249,0.6477,0.6522,0.6625,-0.010299999999999976,-1.5547,137676.25,81515.0939
4096,000006.SZ,20031225,0.609,0.6625,0.609,0.6625,0.6022,0.06030000000000002,10.0133,45999.15,26572.3136
4097,000006.SZ,20031224,0.6147,0.6147,0.5965,0.6022,0.6136,-0.011400000000000077,-1.8579,14751.36,7817.3199
4098,000006.SZ,20031223,0.6125,0.6284,0.5943,0.6136,0.6159,-0.0022999999999999687,-0.3734,12378.1,6653.4054
4099,000006.SZ,20031222,0.6022,0.6204,0.5806,0.6159,0.6045,0.011399999999999966,1.8859,17495.95,9184.6953
4100,000006.SZ,20031219,0.5965,0.6079,0.5704,0.6045,0.6329,-0.02839999999999998,-4.4873,23769.37,12469.5803
4101,000006.SZ,20031218,0.6136,0.6363,0.6022,0.6329,0.6193,0.013600000000000056,2.196,19823.57,10916.1884
4102,000006.SZ,20031217,0.6113,0.6238,0.609,0.6193,0.6125,0.006799999999999917,1.1102,12642.9,6881.1315
4103,000006.SZ,20031216,0.6306,0.6306,0.6034,0.6125,0.6363,-0.023799999999999932,-3.7404,21476.0,11585.1678
4104,000006.SZ,20031215,0.6511,0.6738,0.6318,0.6363,0.6488,-0.012500000000000067,-1.9266,59997.91,34394.5277
4105,000006.SZ,20031212,0.6397,0.65,0.6318,0.6488,0.642,0.006800000000000028,1.0592,21134.22,11991.4481
4106,000006.SZ,20031211,0.6363,0.642,0.625,0.642,0.6306,0.011399999999999966,1.8078,19787.72,11064.5201
4107,000006.SZ,20031210,0.6079,0.6397,0.6079,0.6306,0.609,0.021600000000000064,3.5468,24186.16,13342.2929
4108,000006.SZ,20031209,0.609,0.6125,0.6011,0.609,0.6079,0.0010999999999999899,0.181,4768.96,2543.548
4109,000006.SZ,20031208,0.6136,0.6181,0.6034,0.6079,0.6113,-0.0033999999999999586,-0.5562,3908.85,2094.8186
4110,000006.SZ,20031205,0.617,0.6204,0.6045,0.6113,0.617,-0.005700000000000038,-0.9238,9205.01,4947.002
4111,000006.SZ,20031204,0.6238,0.6238,0.6068,0.617,0.6238,-0.006800000000000028,-1.0901,11446.17,6186.2915
4112,000006.SZ,20031203,0.6272,0.6386,0.6193,0.6238,0.625,-0.0011999999999999789,-0.192,14601.49,8084.9964
4113,000006.SZ,20031202,0.6193,0.642,0.617,0.625,0.6147,0.010299999999999976,1.6756,20210.42,11186.3595
4114,000006.SZ,20031201,0.6022,0.6227,0.6022,0.6147,0.6056,0.009099999999999997,1.5026,10225.04,5494.4283
4115,000006.SZ,20031128,0.5943,0.6079,0.5909,0.6056,0.5954,0.010199999999999987,1.7131,7574.73,4004.3197
4116,000006.SZ,20031127,0.6204,0.625,0.5931,0.5954,0.6204,-0.02499999999999991,-4.0297,9344.3,4957.3753
4117,000006.SZ,20031126,0.6181,0.6329,0.6079,0.6204,0.6215,-0.001100000000000101,-0.177,18183.99,9925.6684
4118,000006.SZ,20031125,0.6056,0.6454,0.6056,0.6215,0.6056,0.015900000000000025,2.6255,32728.34,17983.4015
4119,000006.SZ,20031124,0.5727,0.6113,0.5715,0.6056,0.5738,0.03180000000000005,5.542,17060.31,9005.1651
4120,000006.SZ,20031121,0.5954,0.6022,0.5715,0.5738,0.5965,-0.022700000000000053,-3.8055,10766.0,5561.8848
4121,000006.SZ,20031120,0.575,0.5965,0.5681,0.5965,0.575,0.021500000000000075,3.7391,13520.24,6988.7923
4122,000006.SZ,20031119,0.5579,0.5761,0.5568,0.575,0.559,0.015999999999999903,2.8623,7026.59,3524.2824
4123,000006.SZ,20031118,0.5681,0.5681,0.5579,0.559,0.567,-0.007999999999999896,-1.4109,1910.3,943.0168
4124,000006.SZ,20031117,0.5681,0.5715,0.5636,0.567,0.5693,-0.0023000000000000798,-0.404,2661.2,1326.3198
4125,000006.SZ,20031114,0.5659,0.5738,0.559,0.5693,0.5659,0.0034000000000000696,0.6008,4321.01,2154.8661
4126,000006.SZ,20031113,0.55,0.5681,0.55,0.5659,0.5545,0.011399999999999966,2.0559,4480.1,2215.1644
4127,000006.SZ,20031112,0.5568,0.5613,0.5545,0.5545,0.5636,-0.009099999999999997,-1.6146,3564.11,1747.651
4128,000006.SZ,20031111,0.559,0.5647,0.5534,0.5636,0.5579,0.005700000000000038,1.0217,3727.15,1833.8849
4129,000006.SZ,20031110,0.5556,0.559,0.5466,0.5579,0.559,-0.001100000000000101,-0.1968,4419.43,2156.0307
4130,000006.SZ,20031107,0.5568,0.559,0.5443,0.559,0.5568,0.0022000000000000908,0.3951,7387.87,3578.6433
4131,000006.SZ,20031106,0.5795,0.5806,0.5545,0.5568,0.5818,-0.025000000000000022,-4.297,10307.76,5110.0164
4132,000006.SZ,20031105,0.5909,0.6045,0.5806,0.5818,0.5909,-0.009099999999999997,-1.54,6820.21,3563.4613
4133,000006.SZ,20031104,0.5852,0.5954,0.5784,0.5909,0.5795,0.011399999999999966,1.9672,13012.31,6733.4254
4134,000006.SZ,20031103,0.5852,0.5909,0.5772,0.5795,0.5852,-0.005700000000000038,-0.974,4204.03,2155.728
4135,000006.SZ,20031031,0.5772,0.5977,0.5772,0.5852,0.5784,0.006800000000000028,1.1757,3830.75,1977.449
4136,000006.SZ,20031030,0.5897,0.5897,0.5738,0.5784,0.592,-0.013599999999999945,-2.2973,6159.8,3135.7116
4137,000006.SZ,20031029,0.6056,0.6079,0.5772,0.592,0.6056,-0.013600000000000056,-2.2457,6482.8,3371.4904
4138,000006.SZ,20031028,0.6011,0.6079,0.5886,0.6056,0.6068,-0.0011999999999999789,-0.1978,9460.74,4989.6415
4139,000006.SZ,20031027,0.6579,0.6579,0.6011,0.6068,0.6659,-0.05910000000000004,-8.8752,16430.4,8869.8939
4140,000006.SZ,20031024,0.6761,0.6806,0.6647,0.6659,0.6761,-0.010199999999999987,-1.5087,3059.39,1806.0469
4141,000006.SZ,20031023,0.692,0.6954,0.6761,0.6761,0.6897,-0.013599999999999945,-1.9719,4769.57,2878.5586
4142,000006.SZ,20031022,0.6772,0.6988,0.6681,0.6897,0.6727,0.017000000000000015,2.5271,7920.18,4780.9179
4143,000006.SZ,20031021,0.65,0.6795,0.65,0.6727,0.6522,0.020499999999999963,3.1432,6028.58,3544.0946
4144,000006.SZ,20031020,0.6636,0.6704,0.65,0.6522,0.6681,-0.015900000000000025,-2.3799,3401.15,1968.4859
4145,000006.SZ,20031017,0.6659,0.6818,0.6636,0.6681,0.667,0.0010999999999999899,0.1649,1620.61,957.384
4146,000006.SZ,20031016,0.6931,0.6931,0.6647,0.667,0.6909,-0.02389999999999992,-3.4593,4733.9,2810.371
4147,000006.SZ,20031015,0.6704,0.7272,0.667,0.6909,0.6681,0.02279999999999993,3.4127,14693.5,9072.2435
4148,000006.SZ,20031014,0.6784,0.6795,0.6659,0.6681,0.6806,-0.012499999999999956,-1.8366,1593.75,941.8124
4149,000006.SZ,20031013,0.6874,0.6886,0.6738,0.6806,0.684,-0.0034000000000000696,-0.4971,3470.29,2073.7323
4150,000006.SZ,20031010,0.6613,0.684,0.659,0.684,0.6636,0.020400000000000085,3.0741,4155.68,2464.4548
4151,000006.SZ,20031009,0.6625,0.6693,0.6613,0.6636,0.6625,0.0010999999999999899,0.166,2201.25,1288.35
4152,000006.SZ,20031008,0.667,0.6693,0.6556,0.6625,0.667,-0.0045000000000000595,-0.6747,2653.69,1546.7504
4153,000006.SZ,20030930,0.6693,0.6772,0.6545,0.667,0.6693,-0.0022999999999999687,-0.3436,3989.18,2333.5638
4154,000006.SZ,20030929,0.6999,0.7034,0.667,0.6693,0.7011,-0.03179999999999994,-4.5357,5970.15,3545.9828
4155,000006.SZ,20030926,0.7045,0.7181,0.6977,0.7011,0.7079,-0.006800000000000028,-0.9606,3534.13,2185.0184
4156,000006.SZ,20030925,0.7227,0.7227,0.7068,0.7079,0.7227,-0.014800000000000035,-2.0479,1574.72,989.168
4157,000006.SZ,20030924,0.7136,0.7238,0.7102,0.7227,0.7136,0.009099999999999997,1.2752,3278.05,2075.3099
4158,000006.SZ,20030923,0.7056,0.7147,0.7045,0.7136,0.7113,0.0022999999999999687,0.3234,2309.9,1442.7583
4159,000006.SZ,20030922,0.7204,0.7204,0.7045,0.7113,0.7147,-0.0033999999999999586,-0.4757,1916.71,1195.8864
4160,000006.SZ,20030919,0.7136,0.7193,0.7056,0.7147,0.7113,0.0033999999999999586,0.478,1606.28,1007.2825
4161,000006.SZ,20030918,0.7079,0.7159,0.7056,0.7113,0.7079,0.0034000000000000696,0.4803,2133.4,1335.7568
4162,000006.SZ,20030917,0.7215,0.7215,0.7045,0.7079,0.7227,-0.014800000000000035,-2.0479,2736.79,1706.8445
4163,000006.SZ,20030916,0.7045,0.7238,0.7045,0.7227,0.7159,0.006800000000000028,0.9499,2216.91,1393.5059
4164,000006.SZ,20030915,0.7181,0.7238,0.7068,0.7159,0.7227,-0.006800000000000028,-0.9409,4137.0,2605.013
4165,000006.SZ,20030912,0.7477,0.7499,0.7204,0.7227,0.7465,-0.023800000000000043,-3.1882,5326.8,3426.6547
4166,000006.SZ,20030911,0.7499,0.759,0.7454,0.7465,0.7454,0.001100000000000101,0.1476,3011.13,1995.2355
4167,000006.SZ,20030910,0.7454,0.7545,0.7409,0.7454,0.7488,-0.0034000000000000696,-0.4541,4029.11,2646.54
4168,000006.SZ,20030909,0.7602,0.7715,0.7443,0.7488,0.7602,-0.011399999999999966,-1.4996,2912.3,1937.9115
4169,000006.SZ,20030908,0.7545,0.7624,0.7386,0.7602,0.7556,0.0045999999999999375,0.6088,5355.67,3543.8787
4170,000006.SZ,20030905,0.7727,0.7727,0.7522,0.7556,0.7772,-0.021599999999999953,-2.7792,10707.42,7153.7608
4171,000006.SZ,20030904,0.7727,0.8022,0.7693,0.7772,0.7693,0.007900000000000018,1.0269,20400.66,14074.2012
4172,000006.SZ,20030903,0.7659,0.7738,0.7556,0.7693,0.767,0.0022999999999999687,0.2999,9792.92,6595.5581
4173,000006.SZ,20030902,0.7636,0.7749,0.7477,0.767,0.7613,0.005700000000000038,0.7487,13066.18,8752.3857
4174,000006.SZ,20030901,0.7443,0.7613,0.7386,0.7613,0.7443,0.017000000000000015,2.284,11742.92,7800.2584
4175,000006.SZ,20030829,0.7284,0.7443,0.7284,0.7443,0.734,0.010299999999999976,1.4033,5092.89,3308.3153
4176,000006.SZ,20030828,0.7318,0.7556,0.7318,0.734,0.7352,-0.0011999999999999789,-0.1632,9703.28,6360.5556
4177,000006.SZ,20030827,0.7295,0.7363,0.7204,0.7352,0.7272,0.008000000000000007,1.1001,2987.37,1921.7241
4178,000006.SZ,20030826,0.7318,0.734,0.7204,0.7272,0.7318,-0.0046000000000000485,-0.6286,3764.55,2407.4082
4179,000006.SZ,20030825,0.7352,0.7465,0.7272,0.7318,0.7431,-0.011299999999999977,-1.5207,4595.21,2970.4691
4180,000006.SZ,20030822,0.7329,0.7522,0.7306,0.7431,0.734,0.009099999999999997,1.2398,11334.48,7419.6076
4181,000006.SZ,20030821,0.7261,0.7374,0.7204,0.734,0.7193,0.014699999999999935,2.0437,7444.3,4802.7635
4182,000006.SZ,20030820,0.7306,0.7306,0.7113,0.7193,0.7318,-0.012499999999999956,-1.7081,3100.74,1959.2161
4183,000006.SZ,20030819,0.7261,0.7386,0.7261,0.7318,0.7215,0.010299999999999976,1.4276,4844.77,3118.9906
4184,000006.SZ,20030818,0.7215,0.7272,0.7147,0.7215,0.7159,0.005600000000000049,0.7822,2223.1,1411.315
4185,000006.SZ,20030815,0.7159,0.7261,0.7102,0.7159,0.7181,-0.0021999999999999797,-0.3064,2730.26,1719.9904
4186,000006.SZ,20030814,0.7159,0.7306,0.7159,0.7181,0.7215,-0.0034000000000000696,-0.4712,2765.43,1754.6935
4187,000006.SZ,20030813,0.734,0.734,0.7159,0.7215,0.7306,-0.009099999999999997,-1.2456,3154.79,1996.0619
4188,000006.SZ,20030812,0.7261,0.7352,0.7261,0.7306,0.7261,0.0045000000000000595,0.6197,2533.84,1627.8059
4189,000006.SZ,20030811,0.7249,0.7318,0.7136,0.7261,0.7284,-0.0023000000000000798,-0.3158,4801.75,3051.3742
4190,000006.SZ,20030808,0.7443,0.7454,0.7284,0.7284,0.7454,-0.016999999999999904,-2.2807,5485.67,3554.3242
4191,000006.SZ,20030807,0.759,0.7624,0.7397,0.7454,0.7579,-0.012500000000000067,-1.6493,7628.19,5040.2842
4192,000006.SZ,20030806,0.7318,0.767,0.7193,0.7579,0.7318,0.026100000000000012,3.5665,19610.38,12926.3612
4193,000006.SZ,20030805,0.7306,0.7363,0.7238,0.7318,0.7318,0.0,0.0,3555.72,2284.098
4194,000006.SZ,20030804,0.7079,0.7397,0.7034,0.7318,0.7102,0.021599999999999953,3.0414,8271.89,5305.8614
4195,000006.SZ,20030801,0.717,0.717,0.7045,0.7102,0.7181,-0.007899999999999907,-1.1001,2285.37,1423.8228
4196,000006.SZ,20030731,0.7136,0.7181,0.7068,0.7181,0.709,0.009099999999999997,1.2835,3059.48,1919.4607
4197,000006.SZ,20030730,0.7136,0.7181,0.7068,0.709,0.7136,-0.0046000000000000485,-0.6446,2100.41,1313.2223
4198,000006.SZ,20030729,0.7102,0.7147,0.6999,0.7136,0.6999,0.013700000000000045,1.9574,1939.3,1208.0652
4199,000006.SZ,20030728,0.6988,0.7102,0.6965,0.6999,0.7034,-0.0035000000000000586,-0.4976,3395.1,2099.4692
4200,000006.SZ,20030725,0.7056,0.7159,0.7022,0.7034,0.7079,-0.0044999999999999485,-0.6357,3266.38,2033.7941
4201,000006.SZ,20030724,0.7113,0.7147,0.7068,0.7079,0.7113,-0.0034000000000000696,-0.478,2389.63,1490.8829
4202,000006.SZ,20030723,0.7091,0.7147,0.7046,0.7114,0.708,0.0034000000000000696,0.4802,2819.4,1785.8299
4203,000006.SZ,20030722,0.6968,0.7091,0.6968,0.708,0.699,0.009000000000000008,1.2876,3688.7,2311.8517
4204,000006.SZ,20030721,0.7181,0.7181,0.6957,0.699,0.7181,-0.019100000000000006,-2.6598,6494.26,4065.1904
4205,000006.SZ,20030718,0.736,0.7383,0.7181,0.7181,0.736,-0.017900000000000027,-2.4321,6010.64,3884.3928
4206,000006.SZ,20030717,0.7417,0.7417,0.7293,0.736,0.7394,-0.0033999999999999586,-0.4598,6799.9,4441.267
4207,000006.SZ,20030716,0.7293,0.7495,0.7293,0.7394,0.7293,0.010099999999999998,1.3849,3206.17,2114.6266
4208,000006.SZ,20030715,0.7338,0.7417,0.7271,0.7293,0.7349,-0.005600000000000049,-0.762,4752.93,3100.1799
4209,000006.SZ,20030714,0.7551,0.7551,0.7316,0.7349,0.7506,-0.015700000000000047,-2.0917,3493.45,2302.4815
4210,000006.SZ,20030711,0.7551,0.7585,0.7461,0.7506,0.7574,-0.006799999999999917,-0.8978,5289.46,3533.6677
4211,000006.SZ,20030710,0.7383,0.7652,0.7383,0.7574,0.7383,0.019100000000000006,2.587,7866.06,5299.4988
4212,000006.SZ,20030709,0.745,0.7461,0.7349,0.7383,0.745,-0.006700000000000039,-0.8993,2855.4,1880.0417
4213,000006.SZ,20030708,0.7271,0.7506,0.7271,0.745,0.7215,0.023499999999999965,3.2571,7335.94,4846.8189
4214,000006.SZ,20030707,0.7248,0.7271,0.7159,0.7215,0.7293,-0.007799999999999918,-1.0695,5027.74,3231.4977
4215,000006.SZ,20030704,0.7439,0.7439,0.7271,0.7293,0.7417,-0.012400000000000078,-1.6718,3372.73,2207.3555
4216,000006.SZ,20030703,0.7327,0.7473,0.7293,0.7417,0.736,0.005700000000000038,0.7745,4433.67,2929.0962
4217,000006.SZ,20030702,0.7518,0.7574,0.7091,0.736,0.7495,-0.013500000000000068,-1.8012,9775.29,6336.6759
4218,000006.SZ,20030701,0.7832,0.7832,0.7461,0.7495,0.772,-0.022499999999999964,-2.9145,4792.0,3271.0335
4219,000006.SZ,20030630,0.7742,0.7832,0.7686,0.772,0.7787,-0.006699999999999928,-0.8604,3086.7,2133.6153
4220,000006.SZ,20030627,0.7955,0.8022,0.7764,0.7787,0.7944,-0.015700000000000047,-1.9763,3574.11,2503.5086
4221,000006.SZ,20030626,0.7944,0.8034,0.7686,0.7944,0.7989,-0.0045000000000000595,-0.5633,6652.64,4673.6816
4222,000006.SZ,20030625,0.8,0.8112,0.7955,0.7989,0.8,-0.0010999999999999899,-0.1375,3631.42,2592.8678
4223,000006.SZ,20030624,0.8034,0.8056,0.7966,0.8,0.8022,-0.0021999999999999797,-0.2742,2958.56,2112.3328
4224,000006.SZ,20030623,0.8123,0.8135,0.7978,0.8022,0.8135,-0.011299999999999977,-1.3891,3385.11,2420.7225
4225,000006.SZ,20030620,0.8146,0.8202,0.809,0.8135,0.8146,-0.0010999999999999899,-0.135,2889.44,2096.3483
4226,000006.SZ,20030619,0.8269,0.8303,0.8079,0.8146,0.8269,-0.012299999999999978,-1.4875,4931.71,3580.2105
4227,000006.SZ,20030618,0.8303,0.837,0.8247,0.8269,0.8269,0.0,0.0,3226.8,2390.0488
4228,000006.SZ,20030617,0.8314,0.837,0.8247,0.8269,0.8281,-0.0011999999999999789,-0.1449,3345.79,2470.8835
4229,000006.SZ,20030616,0.846,0.846,0.8258,0.8281,0.846,-0.017900000000000027,-2.1158,5419.45,4012.8131
4230,000006.SZ,20030613,0.8359,0.8471,0.8337,0.846,0.8359,0.010099999999999998,1.2083,4685.99,3511.4668
4231,000006.SZ,20030612,0.846,0.8494,0.8348,0.8359,0.846,-0.010099999999999998,-1.1939,3237.97,2417.906
4232,000006.SZ,20030611,0.8314,0.8471,0.8314,0.846,0.8258,0.020199999999999996,2.4461,4287.46,3203.2075
4233,000006.SZ,20030610,0.8168,0.8292,0.8168,0.8258,0.818,0.007800000000000029,0.9535,3429.7,2519.7298
4234,000006.SZ,20030609,0.8303,0.8359,0.8079,0.818,0.8292,-0.011200000000000099,-1.3507,6537.6,4774.0639
4235,000006.SZ,20030606,0.8404,0.8471,0.8258,0.8292,0.8426,-0.013399999999999967,-1.5903,6209.16,4626.7122
4236,000006.SZ,20030605,0.864,0.8651,0.8415,0.8426,0.8606,-0.018000000000000016,-2.0916,5560.3,4215.5924
4237,000006.SZ,20030604,0.864,0.8696,0.8426,0.8606,0.8662,-0.005599999999999938,-0.6465,7254.29,5524.9582
4238,000006.SZ,20030603,0.8864,0.8909,0.864,0.8662,0.8864,-0.020199999999999996,-2.2789,7729.55,6014.617
4239,000006.SZ,20030602,0.8819,0.8954,0.8696,0.8864,0.8864,0.0,0.0,10943.39,8606.687
4240,000006.SZ,20030530,0.8617,0.9223,0.8539,0.8864,0.8595,0.026899999999999924,3.1297,36516.45,29071.6883
4241,000006.SZ,20030529,0.8382,0.8617,0.8314,0.8595,0.8628,-0.0032999999999999696,-0.3825,13224.54,9969.0809
4242,000006.SZ,20030527,0.8348,0.864,0.8348,0.8628,0.8359,0.026900000000000035,3.2181,18079.05,13674.4396
4243,000006.SZ,20030526,0.8247,0.837,0.8247,0.8359,0.8292,0.006699999999999928,0.808,8173.35,6038.3256
4244,000006.SZ,20030523,0.8258,0.837,0.8202,0.8292,0.8258,0.0034000000000000696,0.4117,8978.7,6630.5992
4245,000006.SZ,20030522,0.8359,0.837,0.8202,0.8258,0.8359,-0.010099999999999998,-1.2083,6620.08,4865.0114
4246,000006.SZ,20030521,0.8303,0.8505,0.8303,0.8359,0.8404,-0.0045000000000000595,-0.5355,4797.13,3580.8848
4247,000006.SZ,20030520,0.8539,0.8539,0.8359,0.8404,0.8561,-0.015699999999999936,-1.8339,6495.85,4869.1409
4248,000006.SZ,20030519,0.8438,0.8696,0.8303,0.8561,0.8438,0.012299999999999978,1.4577,16059.31,12157.7926
4249,000006.SZ,20030516,0.8382,0.8583,0.8303,0.8438,0.8393,0.0044999999999999485,0.5362,12017.22,9054.6549
4250,000006.SZ,20030515,0.8022,0.8415,0.791,0.8393,0.8045,0.03480000000000005,4.3257,15375.68,11212.7825
4251,000006.SZ,20030514,0.7742,0.8157,0.7686,0.8045,0.7753,0.029200000000000004,3.7663,10843.22,7722.3259
4252,000006.SZ,20030513,0.8213,0.8236,0.7742,0.7753,0.8213,-0.04600000000000004,-5.6009,19081.97,13426.6519
4253,000006.SZ,20030512,0.864,0.8651,0.8191,0.8213,0.8617,-0.04039999999999999,-4.6884,11371.79,8542.3001
4254,000006.SZ,20030430,0.8617,0.8842,0.8415,0.8617,0.864,-0.0022999999999999687,-0.2662,19257.2,14757.0163
4255,000006.SZ,20030429,0.9223,0.9223,0.8628,0.864,0.9245,-0.0605,-6.5441,29675.12,23472.2961
4256,000006.SZ,20030428,0.9369,0.9627,0.8864,0.9245,0.9762,-0.05169999999999997,-5.296,33106.96,27229.796
4257,000006.SZ,20030425,1.0109,1.0311,0.9649,0.9762,1.0177,-0.04150000000000009,-4.0778,14054.84,12433.7249
4258,000006.SZ,20030424,1.067,1.076,1.0042,1.0177,1.0637,-0.04600000000000004,-4.3245,26609.05,24628.1523
4259,000006.SZ,20030423,1.0334,1.0906,1.0323,1.0637,1.0323,0.031400000000000095,3.0418,45317.65,43120.7846
4260,000006.SZ,20030422,1.0199,1.0547,1.0166,1.0323,1.0244,0.007900000000000018,0.7712,8651.5,8017.1954
4261,000006.SZ,20030421,1.0323,1.0401,1.0109,1.0244,1.0401,-0.015700000000000047,-1.5095,9167.41,8350.9423
4262,000006.SZ,20030418,1.0267,1.0603,1.0267,1.0401,1.0233,0.016799999999999926,1.6417,17025.39,15910.6146
4263,000006.SZ,20030417,1.0323,1.0491,1.0166,1.0233,1.0356,-0.012299999999999978,-1.1877,10648.58,9748.9341
4264,000006.SZ,20030416,1.0502,1.0738,1.03,1.0356,1.0536,-0.018000000000000016,-1.7084,25273.47,23710.1367
4265,000006.SZ,20030415,1.0569,1.0682,1.0323,1.0536,1.0536,0.0,0.0,18516.17,17340.1502
4266,000006.SZ,20030414,1.0278,1.0626,1.0244,1.0536,1.021,0.032600000000000184,3.1929,26928.83,25036.62
4267,000006.SZ,20030411,1.0065,1.0311,1.0053,1.021,1.0053,0.015699999999999825,1.5617,16461.01,14913.6896
4268,000006.SZ,20030410,0.9818,1.0166,0.9784,1.0053,0.9818,0.023500000000000076,2.3936,25131.93,22427.2599
4269,000006.SZ,20030409,0.9739,0.9863,0.9571,0.9818,0.9706,0.011199999999999988,1.1539,7734.79,6665.1718
4270,000006.SZ,20030408,0.9706,0.9784,0.9605,0.9706,0.9706,0.0,0.0,9028.1,7772.5737
4271,000006.SZ,20030407,1.0042,1.0154,0.9649,0.9706,1.002,-0.031399999999999983,-3.1337,14111.06,12319.4286
4272,000006.SZ,20030404,0.9952,1.0098,0.993,1.002,0.9941,0.007900000000000018,0.7947,5642.07,5034.9454
4273,000006.SZ,20030403,1.0109,1.0177,0.9941,0.9941,1.0109,-0.016799999999999926,-1.6619,3894.6,3472.5762
4274,000006.SZ,20030402,1.0188,1.021,1.0098,1.0109,1.021,-0.010099999999999998,-0.9892,5391.1,4870.8232
4275,000006.SZ,20030401,0.9964,1.0323,0.9896,1.021,0.9964,0.024599999999999955,2.4689,15920.61,14410.5377
4276,000006.SZ,20030331,0.9874,0.9964,0.9762,0.9964,0.9851,0.011299999999999977,1.1471,5460.76,4797.823
4277,000006.SZ,20030328,0.9896,0.9986,0.9818,0.9851,0.9941,-0.009000000000000008,-0.9053,5613.4,4963.9124
4278,000006.SZ,20030327,0.9649,0.9964,0.956,0.9941,0.9649,0.029200000000000004,3.0262,4451.88,3874.409
4279,000006.SZ,20030326,0.9683,0.9728,0.9605,0.9649,0.9694,-0.0045000000000000595,-0.4642,2260.0,1947.102
4280,000006.SZ,20030325,0.9851,0.9874,0.9649,0.9694,0.9818,-0.012399999999999967,-1.263,3071.51,2660.28
4281,000006.SZ,20030324,0.9762,0.993,0.9762,0.9818,0.9795,0.0022999999999999687,0.2348,1919.6,1681.9314
4282,000006.SZ,20030321,0.9649,0.9829,0.9649,0.9795,0.9683,0.011199999999999988,1.1567,1800.26,1564.8087
4283,000006.SZ,20030320,0.9919,0.9964,0.9649,0.9683,0.9851,-0.016799999999999926,-1.7054,5245.0,4561.57
4284,000006.SZ,20030319,0.9818,0.9941,0.9784,0.9851,0.9851,0.0,0.0,4173.47,3666.5393
4285,000006.SZ,20030318,0.9885,1.0098,0.9851,0.9851,0.9829,0.0021999999999999797,0.2238,9706.62,8671.6212
4286,000006.SZ,20030317,0.9919,0.993,0.9717,0.9829,0.993,-0.010099999999999998,-1.0171,3471.47,3032.2561
4287,000006.SZ,20030314,0.9818,1.0053,0.9773,0.993,0.9818,0.011199999999999988,1.1408,3596.15,3180.8064
4288,000006.SZ,20030313,0.9986,0.9986,0.9818,0.9818,0.9975,-0.015700000000000047,-1.5739,3412.76,3006.8442
4289,000006.SZ,20030312,0.9975,0.9975,0.9784,0.9975,0.9907,0.006800000000000028,0.6864,3900.19,3438.7984
4290,000006.SZ,20030311,0.9964,1.0008,0.9885,0.9907,0.9941,-0.0033999999999999586,-0.342,3690.42,3270.3973
4291,000006.SZ,20030310,1.021,1.0267,0.9941,0.9941,1.0233,-0.029200000000000115,-2.8535,8076.61,7220.6187
4292,000006.SZ,20030307,1.0278,1.0356,1.0233,1.0233,1.03,-0.006699999999999928,-0.6505,3991.0,3654.4013
4293,000006.SZ,20030306,1.0547,1.0547,1.0255,1.03,1.0547,-0.024699999999999944,-2.3419,6793.92,6266.7874
4294,000006.SZ,20030305,1.0603,1.0648,1.0435,1.0547,1.0592,-0.0044999999999999485,-0.4248,5150.15,4824.937
4295,000006.SZ,20030304,1.0603,1.076,1.0569,1.0592,1.0626,-0.0034000000000000696,-0.32,8622.64,8194.8106
4296,000006.SZ,20030303,1.0491,1.0626,1.039,1.0626,1.048,0.014599999999999946,1.3931,6158.97,5753.5385
4297,000006.SZ,20030228,1.0525,1.0592,1.0345,1.048,1.0558,-0.007800000000000029,-0.7388,4457.9,4159.0033
4298,000006.SZ,20030227,1.0525,1.0614,1.0446,1.0558,1.0547,0.001100000000000101,0.1043,6219.24,5836.8715
4299,000006.SZ,20030226,1.0626,1.0637,1.0446,1.0547,1.0648,-0.010099999999999998,-0.9485,10490.72,9841.3934
4300,000006.SZ,20030225,1.0109,1.0917,1.0109,1.0648,1.021,0.04380000000000006,4.2899,41458.23,39535.4107
4301,000006.SZ,20030224,1.0098,1.0278,1.0098,1.021,1.0154,0.005599999999999827,0.5515,6862.09,6237.423
4302,000006.SZ,20030221,1.0435,1.0435,1.0121,1.0154,1.0412,-0.025799999999999823,-2.4779,9373.65,8559.9413
4303,000006.SZ,20030220,1.0525,1.0547,1.0311,1.0412,1.0547,-0.013500000000000068,-1.28,7617.6,7088.475
4304,000006.SZ,20030219,1.0435,1.0648,1.0424,1.0547,1.0379,0.016799999999999926,1.6187,28513.01,26776.2685
4305,000006.SZ,20030218,1.0199,1.0412,1.0053,1.0379,1.0109,0.027000000000000135,2.6709,9376.95,8544.92
4306,000006.SZ,20030217,1.0154,1.03,1.0076,1.0109,1.0143,-0.0034000000000000696,-0.3352,4974.15,4513.8956
4307,000006.SZ,20030214,1.0121,1.0311,1.0098,1.0143,1.0154,-0.001100000000000101,-0.1083,5763.0,5236.7332
4308,000006.SZ,20030213,1.0166,1.0334,1.0132,1.0154,1.0166,-0.0011999999999998678,-0.118,9160.56,8350.544
4309,000006.SZ,20030212,1.0065,1.0188,0.9986,1.0166,1.0065,0.010099999999999998,1.0035,4989.17,4497.6685
4310,000006.SZ,20030211,0.9941,1.0065,0.9874,1.0065,0.9975,0.008999999999999897,0.9023,3535.27,3145.4194
4311,000006.SZ,20030210,1.021,1.021,0.9964,0.9975,1.0199,-0.022399999999999975,-2.1963,4660.49,4167.6135
4312,000006.SZ,20030129,1.0311,1.0356,1.0188,1.0199,1.0323,-0.012399999999999967,-1.2012,9077.1,8343.2157
4313,000006.SZ,20030128,1.0311,1.0323,1.0177,1.0323,1.0311,0.0012000000000000899,0.1164,12606.28,11510.5692
4314,000006.SZ,20030127,0.9986,1.0424,0.9964,1.0311,1.0042,0.026899999999999924,2.6787,20707.76,18743.9182
4315,000006.SZ,20030124,0.9795,1.0076,0.975,1.0042,0.9806,0.023599999999999954,2.4067,13929.02,12262.9557
4316,000006.SZ,20030123,0.993,0.9975,0.975,0.9806,0.993,-0.012399999999999967,-1.2487,3885.5,3424.2498
4317,000006.SZ,20030122,0.9885,0.9986,0.9829,0.993,0.9964,-0.0033999999999999586,-0.3412,4820.65,4256.8839
4318,000006.SZ,20030121,1.0289,1.03,0.9941,0.9964,1.0289,-0.03249999999999997,-3.1587,8511.77,7665.0411
4319,000006.SZ,20030120,1.0042,1.03,0.9851,1.0289,1.0042,0.024699999999999944,2.4597,10747.0,9660.3652
4320,000006.SZ,20030117,1.0053,1.0289,0.9941,1.0042,1.0053,-0.001100000000000101,-0.1094,7801.48,6990.8705
4321,000006.SZ,20030116,0.9885,1.0109,0.9851,1.0053,0.9919,0.013400000000000079,1.3509,8915.33,7960.5759
4322,000006.SZ,20030115,0.9964,1.0177,0.9818,0.9919,0.984,0.007900000000000018,0.8028,14814.89,13154.2852
4323,000006.SZ,20030114,0.9403,1.0065,0.9369,0.984,0.9403,0.04369999999999996,4.6475,15710.58,13705.7277
4324,000006.SZ,20030113,0.938,0.9481,0.9313,0.9403,0.9403,0.0,0.0,2384.9,1996.0415
4325,000006.SZ,20030110,0.9616,0.9627,0.938,0.9403,0.9582,-0.017900000000000027,-1.8681,6651.33,5642.8525
4326,000006.SZ,20030109,0.9425,0.9638,0.9313,0.9582,0.9403,0.017900000000000027,1.9036,6582.32,5583.4754
4327,000006.SZ,20030108,0.9133,0.9425,0.901,0.9403,0.9156,0.024700000000000055,2.6977,2662.9,2190.6741
4328,000006.SZ,20030107,0.9212,0.9324,0.9111,0.9156,0.9212,-0.005600000000000049,-0.6079,2221.1,1824.9874
4329,000006.SZ,20030106,0.91,0.9245,0.9032,0.9212,0.9088,0.012399999999999967,1.3644,1760.3,1434.0359
4330,000006.SZ,20030103,0.9088,0.9189,0.8987,0.9088,0.9077,0.001100000000000101,0.1212,2925.5,2362.6046
4331,000006.SZ,20030102,0.9032,0.9537,0.8999,0.9077,0.9167,-0.009000000000000008,-0.9818,2306.41,1876.9225
4332,000006.SZ,20021231,0.9223,0.9504,0.9144,0.9167,0.9313,-0.014600000000000057,-1.5677,3177.9,2628.9044
4333,000006.SZ,20021230,0.9447,0.9481,0.929,0.9313,0.9492,-0.017900000000000027,-1.8858,3548.5,2962.5172
4334,000006.SZ,20021227,0.9481,0.9627,0.9425,0.9492,0.9526,-0.0033999999999999586,-0.3569,3285.96,2782.5883
4335,000006.SZ,20021226,0.9851,0.9851,0.9515,0.9526,0.9874,-0.03480000000000005,-3.5244,5571.75,4787.4102
4336,000006.SZ,20021225,1.0053,1.0087,0.9874,0.9874,1.002,-0.014599999999999946,-1.4571,2659.37,2362.4716
4337,000006.SZ,20021224,0.9986,1.0031,0.9885,1.002,1.0065,-0.0044999999999999485,-0.4471,1995.79,1772.7347
4338,000006.SZ,20021223,1.0098,1.021,1.0031,1.0065,1.0031,0.0033999999999998476,0.3389,4237.94,3818.4605
4339,000006.SZ,20021220,0.9885,1.0087,0.9829,1.0031,0.9874,0.015700000000000047,1.59,5122.03,4559.0009
4340,000006.SZ,20021219,0.9952,0.9952,0.9762,0.9874,0.9952,-0.007799999999999918,-0.7838,3158.08,2765.9216
4341,000006.SZ,20021218,1.0053,1.0267,0.9874,0.9952,0.9975,-0.0023000000000000798,-0.2306,6288.82,5659.5267
4342,000006.SZ,20021217,0.9941,1.0053,0.9885,0.9975,0.9952,0.0023000000000000798,0.2311,4316.73,3838.4347
4343,000006.SZ,20021216,0.9851,1.0042,0.9773,0.9952,0.9874,0.007799999999999918,0.79,4915.33,4353.7687
4344,000006.SZ,20021213,0.9762,0.9964,0.9515,0.9874,0.984,0.0034000000000000696,0.3455,7909.25,6861.8487
4345,000006.SZ,20021212,0.947,0.9851,0.947,0.984,0.947,0.03700000000000003,3.9071,4384.37,3789.9145
4346,000006.SZ,20021211,0.9526,0.9537,0.9358,0.947,0.9537,-0.006700000000000039,-0.7025,3019.68,2535.1144
4347,000006.SZ,20021210,0.9717,0.9795,0.9515,0.9537,0.9717,-0.018000000000000016,-1.8524,2292.37,1962.425
4348,000006.SZ,20021209,0.9739,0.9784,0.9683,0.9717,0.9773,-0.005599999999999938,-0.573,2114.7,1833.2985
4349,000006.SZ,20021206,0.9616,1.0154,0.9515,0.9773,0.9605,0.016799999999999926,1.7491,5769.3,5074.2774
4350,000006.SZ,20021205,0.9649,0.9661,0.9537,0.9605,0.9683,-0.007800000000000029,-0.8055,1757.42,1501.6438
4351,000006.SZ,20021204,0.9694,0.9874,0.9571,0.9683,0.9649,0.0034000000000000696,0.3524,2249.33,1955.9013
4352,000006.SZ,20021203,0.9537,0.9694,0.9515,0.9649,0.9537,0.011199999999999988,1.1744,2639.29,2263.5031
4353,000006.SZ,20021202,0.9975,0.9975,0.9515,0.9537,1.0008,-0.04709999999999992,-4.7062,5406.87,4676.1588
4354,000006.SZ,20021129,0.9784,1.03,0.9548,1.0008,0.9784,0.022399999999999864,2.2895,12751.98,11384.8355
4355,000006.SZ,20021128,0.9414,0.9806,0.9335,0.9784,0.947,0.031400000000000095,3.3157,5237.34,4476.5514
4356,000006.SZ,20021127,0.9302,0.9537,0.9212,0.947,0.9447,0.0022999999999999687,0.2435,2777.42,2319.3388
4357,000006.SZ,20021126,0.9649,0.9762,0.9447,0.9447,0.9649,-0.020199999999999996,-2.0935,3208.87,2737.6868
4358,000006.SZ,20021125,0.9593,0.975,0.9436,0.9649,0.9627,0.0021999999999999797,0.2285,2507.3,2145.8597
4359,000006.SZ,20021122,0.9717,0.9863,0.9425,0.9627,0.9593,0.0033999999999999586,0.3544,7614.98,6544.8013
4360,000006.SZ,20021121,0.9907,1.0031,0.9537,0.9593,0.9964,-0.03709999999999991,-3.7234,5166.62,4501.3431
4361,000006.SZ,20021120,1.0098,1.0154,0.9874,0.9964,1.0098,-0.013400000000000079,-1.327,3958.95,3537.3979
4362,000006.SZ,20021119,0.9986,1.0177,0.9874,1.0098,0.9986,0.011199999999999988,1.1216,3027.2,2704.2619
4363,000006.SZ,20021118,1.0098,1.021,0.9964,0.9986,1.0154,-0.016800000000000037,-1.6545,2802.41,2510.8032
4364,000006.SZ,20021115,1.0098,1.0379,0.9986,1.0154,1.0132,0.0021999999999999797,0.2171,5312.25,4808.2325
4365,000006.SZ,20021114,1.0412,1.0424,1.0098,1.0132,1.0379,-0.024699999999999944,-2.3798,4399.3,4032.6333
4366,000006.SZ,20021113,1.0569,1.0569,1.0154,1.0379,1.0558,-0.017900000000000027,-1.6954,8901.67,8196.6232
4367,000006.SZ,20021112,1.122,1.122,1.0435,1.0558,1.1018,-0.04599999999999982,-4.175,7852.64,7466.6493
4368,000006.SZ,20021111,1.1209,1.1276,1.1007,1.1018,1.1198,-0.018000000000000016,-1.6074,3020.46,2983.3514
4369,000006.SZ,20021108,1.1669,1.1703,1.1175,1.1198,1.1557,-0.03590000000000004,-3.1063,4903.58,4962.6201
4370,000006.SZ,20021107,1.1546,1.1647,1.1422,1.1557,1.1546,0.0010999999999998789,0.0953,3448.85,3535.2646
4371,000006.SZ,20021106,1.1669,1.1669,1.1534,1.1546,1.1635,-0.008899999999999908,-0.7649,2586.92,2669.8357
4372,000006.SZ,20021105,1.1445,1.1703,1.1433,1.1635,1.1422,0.021299999999999875,1.8648,6155.77,6359.7924
4373,000006.SZ,20021104,1.1624,1.1624,1.1243,1.1422,1.1209,0.021300000000000097,1.9003,3307.9,3355.6112
4374,000006.SZ,20021101,1.1175,1.1254,1.1097,1.1209,1.1164,0.0044999999999999485,0.4031,1437.61,1430.886
4375,000006.SZ,20021031,1.1175,1.1276,1.1108,1.1164,1.1198,-0.0033999999999998476,-0.3036,1590.11,1588.3298
4376,000006.SZ,20021030,1.1164,1.1299,1.1086,1.1198,1.1108,0.008999999999999897,0.8102,2951.36,2945.7419
4377,000006.SZ,20021029,1.1153,1.1288,1.1052,1.1108,1.1187,-0.007900000000000018,-0.7062,4524.02,4484.9773
4378,000006.SZ,20021028,1.1243,1.1332,1.1164,1.1187,1.1243,-0.005600000000000049,-0.4981,2438.51,2437.632
4379,000006.SZ,20021025,1.1501,1.1557,1.122,1.1243,1.1456,-0.021299999999999875,-1.8593,2643.0,2669.4221
4380,000006.SZ,20021024,1.1691,1.1703,1.1445,1.1456,1.1669,-0.021300000000000097,-1.8253,2483.4,2555.238
4381,000006.SZ,20021023,1.1557,1.1725,1.1422,1.1669,1.1557,0.011200000000000099,0.9691,4356.13,4483.6717
4382,000006.SZ,20021022,1.1422,1.1579,1.14,1.1557,1.1433,0.012399999999999967,1.0846,5823.79,5974.5559
4383,000006.SZ,20021021,1.1433,1.1501,1.1321,1.1433,1.1355,0.007800000000000029,0.6869,1448.19,1469.4298
4384,000006.SZ,20021018,1.122,1.1433,1.1198,1.1355,1.1254,0.010099999999999998,0.8975,3169.26,3190.4737
4385,000006.SZ,20021017,1.1478,1.1478,1.1209,1.1254,1.1512,-0.025800000000000045,-2.2411,3350.2,3381.2168
4386,000006.SZ,20021016,1.1344,1.1691,1.1344,1.1512,1.1344,0.016799999999999926,1.481,3833.8,3945.0961
4387,000006.SZ,20021015,1.1501,1.1512,1.1332,1.1344,1.1467,-0.012299999999999978,-1.0726,3069.4,3117.9754
4388,000006.SZ,20021014,1.1557,1.1781,1.14,1.1467,1.1501,-0.0033999999999998476,-0.2956,3951.34,4056.8836
4389,000006.SZ,20021011,1.1456,1.1669,1.1456,1.1501,1.1478,0.0022999999999999687,0.2004,1526.6,1571.1124
4390,000006.SZ,20021010,1.1445,1.1703,1.1445,1.1478,1.1568,-0.009000000000000119,-0.778,1690.1,1741.4221
4391,000006.SZ,20021009,1.1781,1.1893,1.0996,1.1568,1.1837,-0.026899999999999924,-2.2725,4249.97,4394.2483
4392,000006.SZ,20021008,1.1916,1.1916,1.1691,1.1837,1.1983,-0.014599999999999946,-1.2184,3570.59,3758.3473
4393,000006.SZ,20020927,1.1994,1.2118,1.195,1.1983,1.2006,-0.0022999999999999687,-0.1916,2166.25,2317.2793
4394,000006.SZ,20020926,1.1972,1.2118,1.1927,1.2006,1.2017,-0.001100000000000101,-0.0915,2935.73,3139.5179
4395,000006.SZ,20020925,1.1938,1.2297,1.1916,1.2017,1.1994,0.0022999999999999687,0.1918,3281.46,3542.261
4396,000006.SZ,20020924,1.2118,1.214,1.1927,1.1994,1.2118,-0.012399999999999967,-1.0233,4139.19,4426.6792
4397,000006.SZ,20020923,1.2062,1.2297,1.2006,1.2118,1.2196,-0.007800000000000029,-0.6396,2345.11,2534.4233
4398,000006.SZ,20020920,1.2443,1.2499,1.2185,1.2196,1.2511,-0.031500000000000083,-2.5178,6471.11,7097.8353
4399,000006.SZ,20020919,1.1961,1.2791,1.1905,1.2511,1.1972,0.05390000000000006,4.5022,14446.43,16024.0652
4400,000006.SZ,20020918,1.2084,1.2084,1.1961,1.1972,1.2073,-0.010099999999999998,-0.8366,1281.05,1370.1102
4401,000006.SZ,20020917,1.2062,1.2185,1.1983,1.2073,1.2095,-0.0021999999999999797,-0.1819,1976.28,2126.1898
4402,000006.SZ,20020916,1.223,1.2252,1.1983,1.2095,1.2264,-0.016899999999999915,-1.378,3991.07,4295.693
4403,000006.SZ,20020913,1.2398,1.2454,1.2252,1.2264,1.2387,-0.012299999999999978,-0.993,2270.81,2493.3649
4404,000006.SZ,20020912,1.2454,1.2511,1.2297,1.2387,1.2398,-0.001100000000000101,-0.0887,2198.5,2428.7187
4405,000006.SZ,20020911,1.2454,1.2533,1.2286,1.2398,1.2511,-0.011300000000000088,-0.9032,3730.12,4110.1157
4406,000006.SZ,20020910,1.2432,1.2522,1.241,1.2511,1.2432,0.007900000000000018,0.6355,2813.47,3122.3962
4407,000006.SZ,20020909,1.26,1.26,1.241,1.2432,1.2623,-0.019099999999999895,-1.5131,4353.32,4840.8771
4408,000006.SZ,20020906,1.2634,1.2713,1.2578,1.2623,1.2634,-0.001100000000000101,-0.0871,2933.0,3305.6947
4409,000006.SZ,20020905,1.2858,1.2858,1.2544,1.2634,1.2881,-0.024699999999999944,-1.9176,8461.31,9547.2541
4410,000006.SZ,20020904,1.3004,1.3105,1.2858,1.2881,1.3004,-0.012299999999999978,-0.9459,5816.27,6722.1673
4411,000006.SZ,20020903,1.2791,1.3015,1.2791,1.3004,1.2814,0.018999999999999906,1.4828,5530.57,6371.288
4412,000006.SZ,20020902,1.278,1.2903,1.2769,1.2814,1.2825,-0.0010999999999998789,-0.0858,2065.13,2356.6394
4413,000006.SZ,20020830,1.269,1.2926,1.269,1.2825,1.2746,0.007900000000000018,0.6198,2701.19,3086.827
4414,000006.SZ,20020829,1.287,1.2993,1.2735,1.2746,1.2948,-0.020199999999999996,-1.5601,5845.35,6695.7106
4415,000006.SZ,20020828,1.3128,1.3139,1.2937,1.2948,1.3072,-0.012399999999999967,-0.9486,3753.82,4350.6734
4416,000006.SZ,20020827,1.2971,1.3128,1.2959,1.3072,1.3004,0.006799999999999917,0.5229,4519.44,5245.6037
4417,000006.SZ,20020826,1.3217,1.3217,1.2971,1.3004,1.3217,-0.021300000000000097,-1.6116,4928.93,5722.2724
4418,000006.SZ,20020823,1.3352,1.3419,1.3139,1.3217,1.3341,-0.012399999999999967,-0.9295,5181.35,6109.5163
4419,000006.SZ,20020822,1.3431,1.3487,1.3229,1.3341,1.3386,-0.0044999999999999485,-0.3362,11616.43,13860.9199
4420,000006.SZ,20020821,1.3173,1.3464,1.3116,1.3386,1.3105,0.028100000000000014,2.1442,14449.81,17160.8684
4421,000006.SZ,20020820,1.2847,1.3229,1.2847,1.3105,1.2926,0.017900000000000027,1.3848,4732.78,5525.6647
4422,000006.SZ,20020819,1.3116,1.3116,1.2903,1.2926,1.3004,-0.007800000000000029,-0.5998,2999.26,3470.2034
4423,000006.SZ,20020816,1.2849,1.3127,1.2683,1.3005,1.2916,0.008899999999999908,0.6891,6972.49,8132.2432
4424,000006.SZ,20020815,1.3093,1.3138,1.2905,1.2916,1.3149,-0.023299999999999876,-1.772,5749.0,6734.6291
4425,000006.SZ,20020814,1.296,1.316,1.2816,1.3149,1.2994,0.015499999999999847,1.1929,13272.06,15596.1495
4426,000006.SZ,20020813,1.2627,1.3038,1.2539,1.2994,1.245,0.054400000000000004,4.3695,16753.72,19498.1585
4427,000006.SZ,20020812,1.2461,1.255,1.2428,1.245,1.2572,-0.012199999999999989,-0.9704,2334.85,2625.2395
4428,000006.SZ,20020809,1.2572,1.2727,1.2539,1.2572,1.2572,0.0,0.0,4291.16,4878.489
4429,000006.SZ,20020808,1.2761,1.2872,1.255,1.2572,1.2749,-0.017699999999999827,-1.3883,3316.21,3800.9439
4430,000006.SZ,20020807,1.2816,1.2894,1.2661,1.2749,1.2816,-0.00670000000000015,-0.5228,3092.83,3562.3893
4431,000006.SZ,20020806,1.2339,1.3071,1.2339,1.2816,1.2539,0.027700000000000058,2.2091,14322.19,16645.2257
4432,000006.SZ,20020805,1.265,1.265,1.2483,1.2539,1.2583,-0.0043999999999999595,-0.3497,1894.35,2138.6747
4433,000006.SZ,20020802,1.2461,1.2627,1.2417,1.2583,1.2539,0.0043999999999999595,0.3509,2247.23,2543.1832
4434,000006.SZ,20020801,1.2428,1.2672,1.2339,1.2539,1.245,0.008899999999999908,0.7149,4454.25,5021.2471
4435,000006.SZ,20020731,1.2761,1.2816,1.2428,1.245,1.2805,-0.035499999999999865,-2.7724,4910.3,5590.8021
4436,000006.SZ,20020730,1.2883,1.2883,1.2661,1.2805,1.2849,-0.0043999999999999595,-0.3424,2692.91,3099.8315
4437,000006.SZ,20020729,1.265,1.2849,1.2594,1.2849,1.2661,0.018799999999999928,1.4849,3710.82,4236.2956
4438,000006.SZ,20020726,1.2849,1.2849,1.2661,1.2661,1.2783,-0.012199999999999989,-0.9544,4639.23,5322.9907
4439,000006.SZ,20020725,1.2849,1.2971,1.2661,1.2783,1.2827,-0.0043999999999999595,-0.343,6587.76,7610.9566
4440,000006.SZ,20020724,1.2927,1.3038,1.2761,1.2827,1.296,-0.01330000000000009,-1.0262,6516.79,7566.9466
4441,000006.SZ,20020723,1.2927,1.3071,1.2905,1.296,1.2982,-0.0021999999999999797,-0.1695,5824.68,6813.7515
4442,000006.SZ,20020722,1.3271,1.3293,1.296,1.2982,1.3326,-0.034399999999999986,-2.5814,6782.73,8006.2748
4443,000006.SZ,20020719,1.3482,1.3482,1.3204,1.3326,1.3393,-0.006699999999999928,-0.5003,4870.62,5847.4044
4444,000006.SZ,20020718,1.3404,1.3537,1.3338,1.3393,1.3315,0.007800000000000029,0.5858,8355.12,10120.1954
4445,000006.SZ,20020717,1.3204,1.3315,1.2994,1.3315,1.3116,0.019899999999999807,1.5172,5083.4,6024.9332
4446,000006.SZ,20020716,1.3093,1.3315,1.3049,1.3116,1.3116,0.0,0.0,5095.56,6045.7266
4447,000006.SZ,20020715,1.3371,1.3371,1.3093,1.3116,1.3349,-0.023299999999999876,-1.7454,7741.1,9206.4498
4448,000006.SZ,20020712,1.3304,1.3493,1.3282,1.3349,1.3315,0.0034000000000000696,0.2554,7384.25,8890.4906
4449,000006.SZ,20020711,1.3204,1.3515,1.3193,1.3315,1.3304,0.0010999999999998789,0.0827,12754.21,15364.2162
4450,000006.SZ,20020710,1.3715,1.377,1.3271,1.3304,1.3715,-0.041099999999999914,-2.9967,21394.99,25941.8898
4451,000006.SZ,20020709,1.387,1.3959,1.3693,1.3715,1.387,-0.01550000000000007,-1.1175,10037.95,12493.9123
4452,000006.SZ,20020708,1.367,1.3892,1.367,1.387,1.3659,0.02110000000000012,1.5448,9603.63,11926.6898
4453,000006.SZ,20020705,1.3793,1.3815,1.3582,1.3659,1.3815,-0.015600000000000058,-1.1292,11472.5,14149.8261
4454,000006.SZ,20020704,1.3959,1.4081,1.3704,1.3815,1.3926,-0.01110000000000011,-0.7971,16240.58,20275.6057
4455,000006.SZ,20020703,1.4003,1.4037,1.3837,1.3926,1.3937,-0.0010999999999998789,-0.0789,13790.22,17293.3848
4456,000006.SZ,20020702,1.3748,1.4148,1.3648,1.3937,1.3837,0.010000000000000009,0.7227,21529.66,27062.2845
4457,000006.SZ,20020701,1.4181,1.4259,1.3815,1.3837,1.4259,-0.042200000000000015,-2.9595,36435.91,46153.992
4458,000006.SZ,20020628,1.3815,1.4625,1.3704,1.4259,1.3859,0.040000000000000036,2.8862,100610.45,128692.1525
4459,000006.SZ,20020627,1.3915,1.4037,1.3582,1.3859,1.3915,-0.005600000000000049,-0.4024,54682.63,68102.7848
4460,000006.SZ,20020626,1.448,1.448,1.3593,1.3915,1.3859,0.005600000000000049,0.4041,209239.69,264365.8927
4461,000006.SZ,20020625,1.3859,1.3859,1.3859,1.3859,1.2594,0.12649999999999983,10.0445,35212.75,43980.7248
4462,000006.SZ,20020624,1.2594,1.2594,1.2594,1.2594,1.1451,0.11430000000000007,9.9817,8570.12,9727.0862
4463,000006.SZ,20020620,1.1207,1.1595,1.1207,1.1451,1.124,0.021099999999999897,1.8772,6540.92,6774.3332
4464,000006.SZ,20020619,1.1485,1.1485,1.124,1.124,1.1385,-0.014499999999999957,-1.2736,1157.1,1178.4117
4465,000006.SZ,20020618,1.1096,1.1507,1.1096,1.1385,1.1096,0.028900000000000148,2.6045,4589.14,4717.3631
4466,000006.SZ,20020617,1.0985,1.1096,1.0985,1.1096,1.103,0.006599999999999939,0.5984,1358.72,1352.0206
4467,000006.SZ,20020614,1.1118,1.1229,1.0996,1.103,1.1263,-0.0233000000000001,-2.0687,2310.05,2312.1118
4468,000006.SZ,20020613,1.1318,1.1429,1.124,1.1263,1.1263,0.0,0.0,1885.07,1922.9506
4469,000006.SZ,20020612,1.1407,1.1429,1.1185,1.1263,1.1407,-0.014399999999999968,-1.2624,2471.43,2499.8778
4470,000006.SZ,20020611,1.1451,1.1496,1.1351,1.1407,1.1462,-0.00550000000000006,-0.4798,2407.06,2482.1087
4471,000006.SZ,20020610,1.1485,1.1573,1.1351,1.1462,1.1485,-0.0022999999999999687,-0.2003,4490.16,4639.3665
4472,000006.SZ,20020607,1.1418,1.1773,1.1229,1.1485,1.1429,0.005600000000000049,0.49,8585.31,8959.5881
4473,000006.SZ,20020606,1.0908,1.1607,1.0774,1.1429,1.0952,0.047700000000000076,4.3554,8345.78,8496.3184
4474,000006.SZ,20020605,1.1141,1.1141,1.083,1.0952,1.1174,-0.022199999999999998,-1.9868,3158.57,3112.9833
4475,000006.SZ,20020604,1.0763,1.1285,1.0763,1.1174,1.0763,0.041099999999999914,3.8186,6308.62,6289.1955
4476,000006.SZ,20020603,1.0985,1.0985,1.0652,1.0763,1.0996,-0.023299999999999876,-2.119,2153.7,2088.6954
4477,000006.SZ,20020531,1.1063,1.1118,1.093,1.0996,1.1063,-0.00670000000000015,-0.6056,2320.39,2301.7628
4478,000006.SZ,20020530,1.1141,1.1207,1.093,1.1063,1.1118,-0.005499999999999838,-0.4947,3026.0,3003.2809
4479,000006.SZ,20020529,1.1396,1.1407,1.1063,1.1118,1.1407,-0.028900000000000148,-2.5335,4208.35,4218.845
4480,000006.SZ,20020528,1.1385,1.1529,1.1385,1.1407,1.1407,0.0,0.0,2526.0,2606.1012
4481,000006.SZ,20020527,1.1285,1.154,1.1107,1.1407,1.1152,0.025500000000000078,2.2866,4856.74,4952.5314
4482,000006.SZ,20020524,1.1329,1.1407,1.1074,1.1152,1.1274,-0.012199999999999989,-1.0821,3281.12,3304.359
4483,000006.SZ,20020523,1.134,1.1496,1.1263,1.1274,1.1263,0.0010999999999998789,0.0977,2539.83,2603.2344
4484,000006.SZ,20020522,1.164,1.164,1.1263,1.1263,1.1551,-0.028799999999999937,-2.4933,3100.0,3173.4341
4485,000006.SZ,20020521,1.1451,1.1651,1.1296,1.1551,1.1129,0.042200000000000015,3.7919,5488.16,5678.1859
4486,000006.SZ,20020520,1.1318,1.1407,1.1041,1.1129,1.134,-0.021099999999999897,-1.8607,3567.64,3579.585
4487,000006.SZ,20020517,1.1263,1.1518,1.1118,1.134,1.1307,0.0032999999999998586,0.2919,5630.69,5729.6479
4488,000006.SZ,20020516,1.1762,1.1762,1.1263,1.1307,1.1784,-0.047699999999999854,-4.0479,6676.37,6879.5457
4489,000006.SZ,20020515,1.1851,1.1962,1.1784,1.1784,1.1851,-0.00670000000000015,-0.5654,2222.15,2372.6445
4490,000006.SZ,20020514,1.1862,1.2039,1.1806,1.1851,1.1862,-0.0010999999999998789,-0.0927,2103.71,2252.2473
4491,000006.SZ,20020513,1.1951,1.1951,1.1784,1.1862,1.1973,-0.01110000000000011,-0.9271,3852.6,4117.6804
4492,000006.SZ,20020510,1.2117,1.215,1.1962,1.1973,1.2139,-0.016599999999999948,-1.3675,3633.1,3936.7035
4493,000006.SZ,20020509,1.2084,1.2306,1.2039,1.2139,1.2095,0.0043999999999999595,0.3638,3774.31,4137.8474
4494,000006.SZ,20020508,1.2372,1.2394,1.2073,1.2095,1.2394,-0.029900000000000038,-2.4125,3039.61,3340.1095
4495,000006.SZ,20020430,1.2417,1.245,1.2306,1.2394,1.2417,-0.0022999999999999687,-0.1852,5537.18,6184.0975
4496,000006.SZ,20020429,1.2184,1.2428,1.2073,1.2417,1.215,0.026699999999999946,2.1975,5456.35,6023.0644
4497,000006.SZ,20020426,1.2006,1.2206,1.2006,1.215,1.1917,0.0233000000000001,1.9552,2830.36,3093.6455
4498,000006.SZ,20020425,1.1928,1.1962,1.1762,1.1917,1.1828,0.008899999999999908,0.7525,3218.69,3441.5303
4499,000006.SZ,20020424,1.1984,1.2073,1.1817,1.1828,1.1951,-0.012299999999999978,-1.0292,2628.39,2820.7778
4500,000006.SZ,20020423,1.1917,1.2073,1.1917,1.1951,1.1984,-0.0032999999999998586,-0.2754,2047.62,2214.0052
4501,000006.SZ,20020422,1.1984,1.2095,1.1851,1.1984,1.2239,-0.025500000000000078,-2.0835,3525.04,3810.5193
4502,000006.SZ,20020419,1.2306,1.2306,1.1928,1.2239,1.2239,0.0,0.0,6505.68,7059.3791
4503,000006.SZ,20020418,1.2505,1.2539,1.2228,1.2239,1.2494,-0.025500000000000078,-2.041,4990.1,5567.2757
4504,000006.SZ,20020417,1.2605,1.2605,1.2383,1.2494,1.2494,0.0,0.0,3314.38,3723.8138
4505,000006.SZ,20020416,1.2539,1.2672,1.2317,1.2494,1.2394,0.010000000000000009,0.8068,9150.22,10316.2774
4506,000006.SZ,20020415,1.2483,1.2483,1.2272,1.2394,1.2383,0.001100000000000101,0.0888,3045.27,3396.0548
4507,000006.SZ,20020412,1.2239,1.2505,1.2206,1.2383,1.2339,0.0043999999999999595,0.3566,4965.48,5560.0361
4508,000006.SZ,20020411,1.2516,1.2627,1.2317,1.2339,1.2528,-0.018899999999999917,-1.5086,4791.19,5360.9736
4509,000006.SZ,20020410,1.265,1.2694,1.2372,1.2528,1.2594,-0.006600000000000161,-0.5241,6553.21,7396.6559
4510,000006.SZ,20020409,1.2272,1.265,1.2217,1.2594,1.2272,0.032200000000000006,2.6239,8907.93,10046.3561
4511,000006.SZ,20020408,1.2184,1.2372,1.1984,1.2272,1.205,0.022199999999999998,1.8423,3161.03,3477.239
4512,000006.SZ,20020405,1.2206,1.2383,1.1939,1.205,1.205,0.0,0.0,5302.28,5804.4071
4513,000006.SZ,20020404,1.174,1.2117,1.1529,1.205,1.1751,0.029900000000000038,2.5445,3847.1,4111.4327
4514,000006.SZ,20020403,1.1695,1.1817,1.1651,1.1751,1.1662,0.00890000000000013,0.7632,4385.74,4636.2373
4515,000006.SZ,20020402,1.2006,1.2073,1.1651,1.1662,1.2006,-0.034399999999999986,-2.8652,5412.0,5736.1846
4516,000006.SZ,20020401,1.1906,1.2161,1.1884,1.2006,1.2006,0.0,0.0,4904.85,5293.4982
4517,000006.SZ,20020329,1.2417,1.2417,1.1984,1.2006,1.2439,-0.043300000000000116,-3.481,8362.1,9166.6578
4518,000006.SZ,20020328,1.2472,1.2627,1.2317,1.2439,1.245,-0.001100000000000101,-0.0884,4451.21,5014.8207
4519,000006.SZ,20020327,1.2206,1.2539,1.2206,1.245,1.2206,0.0244000000000002,1.999,5460.05,6081.0748
4520,000006.SZ,20020326,1.2516,1.2516,1.2195,1.2206,1.2516,-0.03100000000000014,-2.4768,9428.3,10456.4639
4521,000006.SZ,20020325,1.2539,1.2594,1.2394,1.2516,1.2561,-0.0044999999999999485,-0.3583,5376.25,6049.1004
4522,000006.SZ,20020322,1.2672,1.2916,1.2539,1.2561,1.2772,-0.021099999999999897,-1.6521,8030.1,9173.8038
4523,000006.SZ,20020321,1.265,1.2927,1.2483,1.2772,1.2661,0.011099999999999888,0.8767,13710.0,15759.0425
4524,000006.SZ,20020320,1.265,1.2849,1.2483,1.2661,1.2627,0.0034000000000000696,0.2693,11179.22,12734.4783
4525,000006.SZ,20020319,1.2483,1.265,1.2283,1.2627,1.2405,0.022199999999999998,1.7896,9582.27,10791.0827
4526,000006.SZ,20020318,1.2428,1.2583,1.2228,1.2405,1.2217,0.018799999999999928,1.5388,10854.27,12095.0078
4527,000006.SZ,20020315,1.2749,1.286,1.2206,1.2217,1.2705,-0.048799999999999955,-3.841,12502.82,14178.6859
4528,000006.SZ,20020314,1.2405,1.2872,1.2372,1.2705,1.2405,0.030000000000000027,2.4184,21696.98,24550.5529
4529,000006.SZ,20020313,1.265,1.2927,1.2383,1.2405,1.2827,-0.042200000000000015,-3.2899,17949.57,20332.3107
4530,000006.SZ,20020312,1.3016,1.3204,1.2772,1.2827,1.3038,-0.02110000000000012,-1.6183,30492.38,35666.1836
4531,000006.SZ,20020311,1.296,1.3138,1.2761,1.3038,1.3005,0.0033000000000000806,0.2537,28989.52,33872.6133
4532,000006.SZ,20020308,1.296,1.3049,1.2428,1.3005,1.2916,0.008899999999999908,0.6891,36652.1,42128.9429
4533,000006.SZ,20020307,1.2494,1.3093,1.2439,1.2916,1.245,0.046599999999999975,3.743,29994.17,34588.2599
4534,000006.SZ,20020306,1.2195,1.2982,1.2195,1.245,1.2161,0.028900000000000148,2.3764,34398.95,38976.0434
4535,000006.SZ,20020305,1.1706,1.225,1.1706,1.2161,1.1695,0.046599999999999975,3.9846,18406.57,20098.4212
4536,000006.SZ,20020304,1.1485,1.1695,1.1374,1.1695,1.1451,0.024399999999999977,2.1308,2296.35,2395.4224
4537,000006.SZ,20020301,1.1584,1.1751,1.144,1.1451,1.1651,-0.020000000000000018,-1.7166,4439.52,4617.299
4538,000006.SZ,20020228,1.1762,1.1884,1.1607,1.1651,1.1828,-0.01770000000000005,-1.4964,3428.11,3621.6509
4539,000006.SZ,20020227,1.1873,1.1973,1.1795,1.1828,1.1906,-0.007800000000000029,-0.6551,3211.53,3444.4836
4540,000006.SZ,20020226,1.1862,1.1928,1.1607,1.1906,1.1884,0.002200000000000202,0.1851,6760.12,7164.8558
4541,000006.SZ,20020225,1.1851,1.215,1.1706,1.1884,1.1351,0.0532999999999999,4.6956,18844.84,20342.4052
4542,000006.SZ,20020208,1.1485,1.164,1.1318,1.1351,1.1451,-0.010000000000000009,-0.8733,5404.88,5605.6004
4543,000006.SZ,20020207,1.1207,1.1584,1.1118,1.1451,1.1207,0.024399999999999977,2.1772,6151.5,6342.137
4544,000006.SZ,20020206,1.1429,1.1595,1.1174,1.1207,1.1529,-0.032200000000000006,-2.793,6639.68,6790.8079
4545,000006.SZ,20020205,1.1551,1.1584,1.1429,1.1529,1.1529,0.0,0.0,6971.63,7233.9589
4546,000006.SZ,20020204,1.1418,1.1562,1.1218,1.1529,1.1429,0.010000000000000009,0.875,7549.03,7787.4324
4547,000006.SZ,20020201,1.1152,1.1784,1.1018,1.1429,1.1141,0.028799999999999937,2.585,21111.3,21817.8315
4548,000006.SZ,20020131,1.1329,1.1329,1.0819,1.1141,1.0297,0.08440000000000003,8.1966,39498.3,39815.2513
4549,000006.SZ,20020130,1.0208,1.043,1.0175,1.0297,1.0253,0.0043999999999999595,0.4291,5896.56,5490.0857
4550,000006.SZ,20020129,0.982,1.043,0.9765,1.0253,0.9975,0.027800000000000047,2.787,9375.29,8612.1007
4551,000006.SZ,20020128,1.0885,1.0885,0.9876,0.9975,1.0663,-0.06879999999999997,-6.4522,14302.2,13182.7263
4552,000006.SZ,20020125,1.0575,1.0741,1.043,1.0663,1.0619,0.0043999999999999595,0.4144,7765.17,7395.6981
4553,000006.SZ,20020124,1.0319,1.0763,1.0097,1.0619,1.0419,0.020000000000000018,1.9196,13322.0,12620.6541
4554,000006.SZ,20020123,0.9454,1.043,0.9454,1.0419,0.9676,0.07430000000000003,7.6788,9334.79,8434.5582
4555,000006.SZ,20020122,0.9543,1.0042,0.9498,0.9676,0.9698,-0.0021999999999999797,-0.2269,4778.92,4201.386
4556,000006.SZ,20020121,1.0153,1.0208,0.9665,0.9698,1.0297,-0.059900000000000064,-5.8172,5471.2,4874.7699
4557,000006.SZ,20020118,1.0186,1.043,0.9876,1.0297,1.0242,0.00550000000000006,0.537,7178.74,6608.8257
4558,000006.SZ,20020117,1.0741,1.0741,1.0208,1.0242,1.0741,-0.049900000000000055,-4.6457,3814.53,3563.7911
4559,000006.SZ,20020116,1.0497,1.0785,1.043,1.0741,1.0497,0.024399999999999977,2.3245,3736.89,3574.0542
4560,000006.SZ,20020115,1.0541,1.0785,1.0464,1.0497,1.0619,-0.012199999999999989,-1.1489,4549.34,4358.8131
4561,000006.SZ,20020114,1.1263,1.1263,1.0608,1.0619,1.1296,-0.06769999999999987,-5.9933,7841.5,7751.4584
4562,000006.SZ,20020111,1.1651,1.1651,1.1296,1.1296,1.1529,-0.0233000000000001,-2.021,3853.8,3955.4664
4563,000006.SZ,20020110,1.154,1.174,1.1263,1.1529,1.1573,-0.0043999999999999595,-0.3802,6328.42,6532.7947
4564,000006.SZ,20020109,1.1651,1.1706,1.1485,1.1573,1.1706,-0.01330000000000009,-1.1362,2982.0,3109.8339
4565,000006.SZ,20020108,1.1851,1.1973,1.1706,1.1706,1.1828,-0.012199999999999989,-1.0315,2119.5,2260.9689
4566,000006.SZ,20020107,1.2095,1.2095,1.1784,1.1828,1.2128,-0.030000000000000027,-2.4736,2779.0,2974.3928
4567,000006.SZ,20020104,1.2272,1.2317,1.2106,1.2128,1.2372,-0.024399999999999977,-1.9722,1519.0,1671.172
4568,000006.SZ,20011231,1.2317,1.2472,1.2206,1.2372,1.2317,0.00550000000000006,0.4465,3342.76,3728.8919
4569,000006.SZ,20011228,1.2228,1.2361,1.2095,1.2317,1.2261,0.005600000000000049,0.4567,2924.7,3221.3469
4570,000006.SZ,20011227,1.2428,1.2494,1.2261,1.2261,1.2405,-0.014399999999999968,-1.1608,2806.54,3132.7379
4571,000006.SZ,20011226,1.225,1.2461,1.225,1.2405,1.225,0.015499999999999847,1.2653,2896.96,3223.8192
4572,000006.SZ,20011225,1.2228,1.2306,1.2073,1.225,1.2206,0.0044000000000001815,0.3605,2023.02,2224.9389
4573,000006.SZ,20011224,1.2217,1.2372,1.2117,1.2206,1.2295,-0.00890000000000013,-0.7239,3001.78,3307.2636
4574,000006.SZ,20011221,1.215,1.2306,1.2117,1.2295,1.2195,0.010000000000000009,0.82,2275.6,2499.7926
4575,000006.SZ,20011220,1.2528,1.265,1.2095,1.2195,1.2539,-0.034399999999999986,-2.7434,5528.83,6120.2464
4576,000006.SZ,20011219,1.2738,1.2772,1.2539,1.2539,1.2716,-0.01770000000000005,-1.3919,3404.88,3888.8401
4577,000006.SZ,20011218,1.2539,1.2738,1.245,1.2716,1.2472,0.024399999999999977,1.9564,2572.03,2925.092
4578,000006.SZ,20011217,1.245,1.2561,1.2405,1.2472,1.2528,-0.005599999999999827,-0.447,2345.35,2632.0117
4579,000006.SZ,20011214,1.2505,1.265,1.2383,1.2528,1.2494,0.0033999999999998476,0.2721,4557.79,5140.3763
4580,000006.SZ,20011213,1.2627,1.2738,1.2417,1.2494,1.2683,-0.018899999999999917,-1.4902,6577.85,7438.1826
4581,000006.SZ,20011212,1.2761,1.2916,1.265,1.2683,1.2849,-0.016599999999999948,-1.2919,4447.83,5123.4478
4582,000006.SZ,20011211,1.3093,1.3149,1.2827,1.2849,1.3171,-0.032200000000000006,-2.4448,6708.8,7849.7237
4583,000006.SZ,20011210,1.3071,1.3182,1.2927,1.3171,1.2849,0.032200000000000006,2.506,15216.6,17935.2534
4584,000006.SZ,20011207,1.2894,1.296,1.2783,1.2849,1.2894,-0.0045000000000001705,-0.349,4610.02,5344.7159
4585,000006.SZ,20011206,1.2639,1.2905,1.2594,1.2894,1.2683,0.02110000000000012,1.6636,4520.18,5193.8587
4586,000006.SZ,20011205,1.2938,1.3138,1.265,1.2683,1.296,-0.027700000000000058,-2.1373,9091.61,10581.0083
4587,000006.SZ,20011204,1.2872,1.2982,1.2749,1.296,1.2849,0.01110000000000011,0.8639,4465.69,5166.8447
4588,000006.SZ,20011203,1.2749,1.2971,1.2749,1.2849,1.2749,0.010000000000000009,0.7844,7645.58,8868.6833
4589,000006.SZ,20011130,1.255,1.2761,1.2539,1.2749,1.2572,0.017699999999999827,1.4079,4316.35,4929.4604
4590,000006.SZ,20011129,1.265,1.2738,1.2539,1.2572,1.2605,-0.0032999999999998586,-0.2618,3129.68,3559.7335
4591,000006.SZ,20011128,1.2539,1.2727,1.2539,1.2605,1.2539,0.006599999999999939,0.5264,5191.82,5906.1871
4592,000006.SZ,20011127,1.2394,1.2539,1.2361,1.2539,1.2417,0.012199999999999989,0.9825,2560.46,2869.3176
4593,000006.SZ,20011126,1.2539,1.2539,1.2328,1.2417,1.2528,-0.011099999999999888,-0.886,2273.11,2537.5937
4594,000006.SZ,20011123,1.2583,1.2594,1.2372,1.2528,1.2594,-0.006600000000000161,-0.5241,4521.19,5078.6215
4595,000006.SZ,20011122,1.2528,1.2627,1.245,1.2594,1.2472,0.012199999999999989,0.9782,4856.65,5485.6464
4596,000006.SZ,20011121,1.255,1.2583,1.2317,1.2472,1.2505,-0.0032999999999998586,-0.2639,3323.27,3722.95
4597,000006.SZ,20011120,1.215,1.2528,1.2095,1.2505,1.2106,0.03990000000000005,3.2959,9522.91,10669.7102
4598,000006.SZ,20011119,1.1851,1.2161,1.1828,1.2106,1.1851,0.025499999999999856,2.1517,2882.27,3131.6362
4599,000006.SZ,20011116,1.2738,1.2772,1.1773,1.1851,1.1673,0.017800000000000038,1.5249,11800.15,12961.7226
4600,000006.SZ,20011115,1.1595,1.1729,1.1595,1.1673,1.1651,0.0021999999999999797,0.1888,1741.7,1829.8388
4601,000006.SZ,20011114,1.1651,1.174,1.1562,1.1651,1.1496,0.01550000000000007,1.3483,2072.5,2176.2716
4602,000006.SZ,20011113,1.164,1.1651,1.1407,1.1496,1.1762,-0.026599999999999957,-2.2615,2722.8,2831.2766
4603,000006.SZ,20011112,1.1962,1.1962,1.174,1.1762,1.1873,-0.01110000000000011,-0.9349,1958.76,2086.982
4604,000006.SZ,20011109,1.1651,1.2039,1.144,1.1873,1.1662,0.02110000000000012,1.8093,3697.16,3921.9438
4605,000006.SZ,20011108,1.1429,1.1762,1.1318,1.1662,1.1584,0.007799999999999807,0.6733,6777.5,7031.1864
4606,000006.SZ,20011107,1.2295,1.2372,1.154,1.1584,1.2317,-0.07329999999999992,-5.9511,7958.99,8542.8209
4607,000006.SZ,20011106,1.2405,1.2483,1.2228,1.2317,1.2405,-0.008799999999999919,-0.7094,2313.43,2587.4846
4608,000006.SZ,20011105,1.2528,1.2528,1.2272,1.2405,1.2306,0.00990000000000002,0.8045,5775.36,6441.848
4609,000006.SZ,20011102,1.2539,1.2738,1.2206,1.2306,1.2761,-0.045500000000000096,-3.5656,3953.01,4449.8799
4610,000006.SZ,20011101,1.2705,1.2872,1.2439,1.2761,1.2594,0.016699999999999937,1.326,5126.32,5889.8609
4611,000006.SZ,20011031,1.2383,1.2605,1.2206,1.2594,1.2383,0.02110000000000012,1.7039,5109.46,5671.1538
4612,000006.SZ,20011030,1.2816,1.2827,1.235,1.2383,1.2761,-0.037800000000000056,-2.9622,4000.91,4527.4012
4613,000006.SZ,20011029,1.2872,1.2872,1.2616,1.2761,1.2616,0.014499999999999957,1.1493,4096.63,4704.9601
4614,000006.SZ,20011025,1.2694,1.3005,1.2483,1.2616,1.2827,-0.021099999999999897,-1.645,9145.77,10442.1935
4615,000006.SZ,20011024,1.3016,1.3182,1.2539,1.2827,1.2394,0.043299999999999894,3.4936,27378.5,31672.842
4616,000006.SZ,20011023,1.2206,1.2394,1.2206,1.2394,1.1263,0.11309999999999998,10.0417,16092.29,17870.2781
4617,000006.SZ,20011022,1.1107,1.2195,1.1107,1.1263,1.1485,-0.022199999999999998,-1.933,6640.86,6944.9051
4618,000006.SZ,20011019,1.1762,1.1851,1.1351,1.1485,1.1906,-0.042100000000000026,-3.536,7182.9,7505.0743
4619,000006.SZ,20011018,1.2095,1.2306,1.1873,1.1906,1.2106,-0.019999999999999796,-1.6521,2948.37,3203.8241
4620,000006.SZ,20011017,1.2195,1.2461,1.2028,1.2106,1.2206,-0.010000000000000009,-0.8193,2797.26,3077.6224
4621,000006.SZ,20011016,1.2761,1.2761,1.2195,1.2206,1.2639,-0.043300000000000116,-3.4259,2935.0,3272.1926
4622,000006.SZ,20011015,1.2661,1.2827,1.2483,1.2639,1.2605,0.0034000000000000696,0.2697,3059.04,3479.7319
4623,000006.SZ,20011012,1.2505,1.2905,1.1884,1.2605,1.2428,0.01770000000000005,1.4242,8800.97,9840.7684
4624,000006.SZ,20011011,1.3116,1.3315,1.2206,1.2428,1.3093,-0.0665,-5.079,8246.6,9393.6843
4625,000006.SZ,20011010,1.3648,1.3926,1.3082,1.3093,1.3693,-0.06000000000000005,-4.3818,7177.02,8619.8326
4626,000006.SZ,20011009,1.3537,1.3815,1.3537,1.3693,1.3571,0.012199999999999989,0.899,2041.32,2519.2877
4627,000006.SZ,20011008,1.3848,1.4003,1.3537,1.3571,1.3848,-0.027700000000000058,-2.0003,4245.91,5231.6183
4628,000006.SZ,20010928,1.3881,1.4059,1.3837,1.3848,1.3859,-0.0010999999999998789,-0.0794,2343.06,2933.7212
4629,000006.SZ,20010927,1.3826,1.4081,1.3737,1.3859,1.3826,0.0032999999999998586,0.2387,3204.0,3999.7404
4630,000006.SZ,20010926,1.4092,1.4092,1.377,1.3826,1.407,-0.024399999999999977,-1.7342,3079.54,3859.2055
4631,000006.SZ,20010925,1.3981,1.4314,1.3981,1.407,1.3881,0.01890000000000014,1.3616,2950.77,3762.7999
4632,000006.SZ,20010924,1.3892,1.4136,1.3826,1.3881,1.3981,-0.010000000000000009,-0.7153,4149.15,5206.7482
4633,000006.SZ,20010921,1.4114,1.4203,1.3981,1.3981,1.4159,-0.017800000000000038,-1.2572,3211.27,4062.1489
4634,000006.SZ,20010920,1.4325,1.4492,1.4148,1.4159,1.4314,-0.01550000000000007,-1.0829,3279.0,4225.5828
4635,000006.SZ,20010919,1.4148,1.4392,1.3881,1.4314,1.4103,0.021099999999999897,1.4961,2683.85,3421.0609
4636,000006.SZ,20010918,1.3992,1.4403,1.3848,1.4103,1.3981,0.01220000000000021,0.8726,5121.48,6472.0152
4637,000006.SZ,20010917,1.4203,1.4381,1.3981,1.3981,1.4281,-0.030000000000000027,-2.1007,5994.13,7592.4769
4638,000006.SZ,20010914,1.4403,1.4603,1.4225,1.4281,1.4403,-0.012199999999999989,-0.847,4128.0,5331.674
4639,000006.SZ,20010913,1.4536,1.4702,1.4403,1.4403,1.4569,-0.01660000000000017,-1.1394,3496.27,4572.7911
4640,000006.SZ,20010912,1.4425,1.468,1.4203,1.4569,1.4824,-0.025499999999999856,-1.7202,11433.59,14909.3506
4641,000006.SZ,20010911,1.4647,1.4958,1.4558,1.4824,1.4813,0.0010999999999998789,0.0743,3738.06,4991.6224
4642,000006.SZ,20010910,1.4092,1.4924,1.3926,1.4813,1.4303,0.051000000000000156,3.5657,9519.11,12528.8273
4643,000006.SZ,20010907,1.4847,1.4847,1.4292,1.4303,1.4836,-0.053300000000000125,-3.5926,9012.0,11768.5021
4644,000006.SZ,20010906,1.4591,1.5035,1.4591,1.4836,1.4591,0.024499999999999966,1.6791,8884.97,11924.2181
4645,000006.SZ,20010905,1.4647,1.4824,1.4425,1.4591,1.4536,0.00550000000000006,0.3784,6654.32,8785.0869
4646,000006.SZ,20010904,1.4092,1.4647,1.4037,1.4536,1.4159,0.03770000000000007,2.6626,8819.3,11468.97
4647,000006.SZ,20010903,1.4547,1.4647,1.407,1.4159,1.4525,-0.036599999999999966,-2.5198,8289.31,10693.5821
4648,000006.SZ,20010831,1.4569,1.4658,1.4514,1.4525,1.4569,-0.0044000000000001815,-0.302,4282.3,5620.9105
4649,000006.SZ,20010830,1.4769,1.4858,1.4547,1.4569,1.4869,-0.030000000000000027,-2.0176,5832.17,7696.7669
4650,000006.SZ,20010829,1.4958,1.5069,1.4836,1.4869,1.4847,0.002200000000000202,0.1482,8785.15,11833.9446
4651,000006.SZ,20010828,1.4322,1.4857,1.43,1.4846,1.4376,0.04699999999999993,3.2693,8891.64,11813.0782
4652,000006.SZ,20010827,1.4759,1.4759,1.4322,1.4376,1.4726,-0.03499999999999992,-2.3767,11267.19,14915.0235
4653,000006.SZ,20010824,1.4967,1.5174,1.4704,1.4726,1.4977,-0.025100000000000122,-1.6759,11708.67,16009.3554
4654,000006.SZ,20010823,1.4507,1.5043,1.4376,1.4977,1.465,0.03269999999999995,2.2321,23244.18,31631.7698
4655,000006.SZ,20010822,1.454,1.4803,1.4343,1.465,1.4529,0.0121,0.8328,10517.87,14005.1105
4656,000006.SZ,20010821,1.465,1.466,1.4496,1.4529,1.4584,-0.005499999999999838,-0.3771,3490.0,4657.7333
4657,000006.SZ,20010820,1.4507,1.4682,1.4387,1.4584,1.4507,0.007699999999999818,0.5308,3577.97,4769.8595
4658,000006.SZ,20010817,1.4322,1.454,1.4223,1.4507,1.4343,0.016400000000000192,1.1434,5498.72,7248.4518
4659,000006.SZ,20010816,1.4606,1.465,1.4322,1.4343,1.465,-0.03070000000000017,-2.0956,6090.21,8030.1462
4660,000006.SZ,20010815,1.4737,1.4792,1.4529,1.465,1.4693,-0.0042999999999999705,-0.2927,7257.15,9745.6429
4661,000006.SZ,20010814,1.4507,1.4803,1.4354,1.4693,1.4496,0.01970000000000005,1.359,13913.16,18604.2489
4662,000006.SZ,20010813,1.454,1.4639,1.4322,1.4496,1.4234,0.0262,1.8407,11820.6,15669.8353
4663,000006.SZ,20010810,1.4136,1.4343,1.4059,1.4234,1.407,0.01639999999999997,1.1656,10757.6,13988.7892
4664,000006.SZ,20010809,1.3666,1.4158,1.3644,1.407,1.3589,0.04810000000000003,3.5396,10291.44,13134.3596
4665,000006.SZ,20010808,1.3556,1.3884,1.3523,1.3589,1.3644,-0.00550000000000006,-0.4031,11467.84,14304.5949
4666,000006.SZ,20010807,1.4322,1.4496,1.3338,1.3644,1.4398,-0.07539999999999991,-5.2368,32875.95,41695.7974
4667,000006.SZ,20010806,1.4868,1.4868,1.4322,1.4398,1.4879,-0.04810000000000003,-3.2327,11235.72,14894.8659
4668,000006.SZ,20010803,1.4781,1.4999,1.4584,1.4879,1.477,0.01089999999999991,0.738,7083.91,9645.7901
4669,000006.SZ,20010802,1.4846,1.4956,1.4387,1.477,1.4846,-0.007599999999999829,-0.5119,9315.13,12444.5525
4670,000006.SZ,20010801,1.4486,1.4868,1.4486,1.4846,1.4409,0.04369999999999985,3.0328,9999.0,13477.6402
4671,000006.SZ,20010731,1.4409,1.4901,1.4322,1.4409,1.454,-0.01309999999999989,-0.901,11660.29,15567.5975
4672,000006.SZ,20010730,1.5087,1.5152,1.4431,1.454,1.5141,-0.06010000000000004,-3.9694,14704.01,19848.6164
4673,000006.SZ,20010727,1.5513,1.5579,1.5109,1.5141,1.548,-0.03390000000000004,-2.1899,11886.44,16620.9465
4674,000006.SZ,20010726,1.5415,1.5601,1.5087,1.548,1.5491,-0.0010999999999998789,-0.071,13823.37,19395.034
4675,000006.SZ,20010725,1.5415,1.5732,1.5415,1.5491,1.5546,-0.00550000000000006,-0.3538,9523.44,13556.8551
4676,000006.SZ,20010724,1.5918,1.5918,1.548,1.5546,1.594,-0.0394000000000001,-2.4718,24689.12,35304.3294
4677,000006.SZ,20010723,1.6246,1.6268,1.5907,1.594,1.6136,-0.01959999999999984,-1.2147,31123.39,45786.3423
4678,000006.SZ,20010720,1.5524,1.6399,1.5524,1.6136,1.5524,0.06119999999999992,3.9423,78092.5,114637.2615
4679,000006.SZ,20010719,1.5633,1.5666,1.5295,1.5524,1.5579,-0.00550000000000006,-0.353,13651.44,19357.9151
4680,000006.SZ,20010718,1.536,1.571,1.536,1.5579,1.5349,0.02300000000000013,1.4985,22957.58,32645.5398
4681,000006.SZ,20010717,1.524,1.536,1.5065,1.5349,1.5185,0.01639999999999997,1.08,10565.61,14695.2592
4682,000006.SZ,20010716,1.5316,1.5393,1.501,1.5185,1.5065,0.01200000000000001,0.7965,9791.14,13608.2569
4683,000006.SZ,20010713,1.501,1.524,1.4988,1.5065,1.4988,0.00770000000000004,0.5137,3338.02,4620.7304
4684,000006.SZ,20010712,1.4759,1.5087,1.4759,1.4988,1.489,0.009799999999999809,0.6582,3190.37,4354.5282
4685,000006.SZ,20010711,1.5087,1.5131,1.4868,1.489,1.5054,-0.01639999999999997,-1.0894,2405.88,3301.7942
4686,000006.SZ,20010710,1.4912,1.5087,1.4912,1.5054,1.4879,0.01750000000000007,1.1762,3975.44,5445.0267
4687,000006.SZ,20010709,1.4704,1.4923,1.4704,1.4879,1.4792,0.00869999999999993,0.5882,3311.84,4477.5627
4688,000006.SZ,20010706,1.477,1.4956,1.4759,1.4792,1.4813,-0.0020999999999999908,-0.1418,3447.1,4677.3239
4689,000006.SZ,20010705,1.4999,1.5032,1.4748,1.4813,1.4999,-0.01859999999999995,-1.2401,6209.19,8439.6899
4690,000006.SZ,20010704,1.5131,1.5251,1.4977,1.4999,1.5087,-0.008799999999999919,-0.5833,2909.8,4013.644
4691,000006.SZ,20010703,1.5087,1.5152,1.4934,1.5087,1.5032,0.005499999999999838,0.3659,4726.4,6505.1313
4692,000006.SZ,20010702,1.5305,1.5305,1.4977,1.5032,1.524,-0.02079999999999993,-1.3648,4900.37,6771.017
4693,000006.SZ,20010628,1.5513,1.5612,1.5196,1.524,1.5513,-0.02729999999999988,-1.7598,7249.15,10194.4302
4694,000006.SZ,20010627,1.5557,1.5633,1.5371,1.5513,1.5557,-0.0044000000000001815,-0.2828,9961.84,14112.9055
4695,000006.SZ,20010626,1.5579,1.5743,1.5459,1.5557,1.5469,0.008800000000000141,0.5689,18171.17,25924.2399
4696,000006.SZ,20010625,1.5076,1.548,1.5065,1.5469,1.4956,0.0512999999999999,3.4301,16066.96,22484.838
4697,000006.SZ,20010622,1.4988,1.4988,1.4868,1.4956,1.4868,0.008800000000000141,0.5919,4626.79,6315.6813
4698,000006.SZ,20010621,1.4628,1.4956,1.4628,1.4868,1.4606,0.0262,1.7938,5422.37,7337.9969
4699,000006.SZ,20010620,1.477,1.4781,1.4595,1.4606,1.477,-0.016400000000000192,-1.1104,6526.76,8759.7744
4700,000006.SZ,20010619,1.4803,1.4945,1.4639,1.477,1.4803,-0.0032999999999998586,-0.2229,9002.91,12119.7222
4701,000006.SZ,20010618,1.5196,1.5196,1.4737,1.4803,1.5185,-0.03820000000000001,-2.5156,10886.06,14850.252
4702,000006.SZ,20010615,1.5076,1.5327,1.4988,1.5185,1.5087,0.009800000000000031,0.6496,8496.55,11774.9211
4703,000006.SZ,20010614,1.5305,1.5502,1.5076,1.5087,1.536,-0.027300000000000102,-1.7773,13234.01,18479.8164
4704,000006.SZ,20010613,1.5163,1.5469,1.5087,1.536,1.5163,0.01970000000000005,1.2992,12832.87,17882.9045
4705,000006.SZ,20010612,1.5087,1.5251,1.5043,1.5163,1.5043,0.01200000000000001,0.7977,10335.52,14290.3141
4706,000006.SZ,20010611,1.5152,1.5295,1.4988,1.5043,1.5174,-0.013100000000000112,-0.8633,12192.92,16838.6173
4707,000006.SZ,20010608,1.5524,1.5524,1.4977,1.5174,1.5491,-0.03169999999999984,-2.0463,10940.89,15257.3915
4708,000006.SZ,20010607,1.5415,1.5677,1.5295,1.5491,1.5448,0.0042999999999999705,0.2784,10717.84,15134.257
4709,000006.SZ,20010606,1.5579,1.5579,1.5316,1.5448,1.5579,-0.013100000000000112,-0.8409,6607.18,9308.7701
4710,000006.SZ,20010605,1.5393,1.5601,1.5284,1.5579,1.5382,0.01970000000000005,1.2807,9823.19,13907.4904
4711,000006.SZ,20010604,1.5448,1.5502,1.5251,1.5382,1.5305,0.00770000000000004,0.5031,10903.42,15322.7607
4712,000006.SZ,20010601,1.5262,1.5415,1.5218,1.5305,1.5251,0.005400000000000071,0.3541,7163.53,10017.3206
4713,000006.SZ,20010531,1.5415,1.5535,1.5207,1.5251,1.5349,-0.009800000000000031,-0.6385,7050.07,9891.7582
4714,000006.SZ,20010530,1.5163,1.5415,1.5163,1.5349,1.5141,0.02079999999999993,1.3738,7151.51,10005.526
4715,000006.SZ,20010529,1.501,1.5196,1.4934,1.5141,1.5032,0.01089999999999991,0.7251,5154.84,7124.8326
4716,000006.SZ,20010528,1.5305,1.5327,1.4967,1.5032,1.5327,-0.02949999999999986,-1.9247,14780.64,20377.9678
4717,000006.SZ,20010525,1.5469,1.5677,1.5262,1.5327,1.5426,-0.00990000000000002,-0.6418,10134.17,14241.7628
4718,000006.SZ,20010524,1.5469,1.5524,1.536,1.5426,1.5415,0.0010999999999998789,0.0714,8056.25,11371.0552
4719,000006.SZ,20010523,1.5524,1.5666,1.5251,1.5415,1.5535,-0.01200000000000001,-0.7724,15770.32,22291.4672
4720,000006.SZ,20010522,1.5721,1.5841,1.5469,1.5535,1.5721,-0.01859999999999995,-1.1831,21254.03,30351.7199
4721,000006.SZ,20010521,1.6071,1.6071,1.5644,1.5721,1.6071,-0.03499999999999992,-2.1778,26540.93,38280.5057
4722,000006.SZ,20010518,1.6027,1.618,1.5426,1.6071,1.5983,0.008799999999999919,0.5506,17259.0,25046.2754
4723,000006.SZ,20010517,1.6158,1.6235,1.5961,1.5983,1.6027,-0.0043999999999999595,-0.2745,16031.48,23637.1231
4724,000006.SZ,20010516,1.6093,1.6235,1.5972,1.6027,1.5983,0.0043999999999999595,0.2753,13445.61,19816.9996
4725,000006.SZ,20010515,1.6104,1.6235,1.5961,1.5983,1.6104,-0.0121,-0.7514,9220.9,13557.3325
4726,000006.SZ,20010514,1.5852,1.6246,1.583,1.6104,1.5874,0.02300000000000013,1.4489,20040.56,29427.0317
4727,000006.SZ,20010511,1.5907,1.6038,1.5743,1.5874,1.5885,-0.001100000000000101,-0.0692,6071.02,8810.4528
4728,000006.SZ,20010510,1.5765,1.6049,1.5765,1.5885,1.5765,0.01200000000000001,0.7612,8089.0,11763.0
4729,000006.SZ,20010509,1.5852,1.5929,1.5688,1.5765,1.5852,-0.00869999999999993,-0.5488,5201.86,7526.8053
4730,000006.SZ,20010508,1.5644,1.5907,1.5644,1.5852,1.5666,0.01859999999999995,1.1873,5420.7,7840.5914
4731,000006.SZ,20010430,1.5688,1.5852,1.559,1.5666,1.5699,-0.0033000000000000806,-0.2102,6511.0,9345.0
4732,000006.SZ,20010427,1.5557,1.5743,1.5557,1.5699,1.5546,0.015300000000000091,0.9842,9502.63,13620.1683
4733,000006.SZ,20010426,1.5524,1.5808,1.548,1.5546,1.5535,0.0010999999999998789,0.0708,15925.85,22768.5597
4734,000006.SZ,20010425,1.5863,1.6071,1.5437,1.5535,1.5841,-0.03059999999999996,-1.9317,18867.31,27140.2482
4735,000006.SZ,20010424,1.583,1.6136,1.5776,1.5841,1.5754,0.008700000000000152,0.5522,11593.0,16891.0
4736,000006.SZ,20010423,1.6071,1.6158,1.5688,1.5754,1.6071,-0.03170000000000006,-1.9725,24514.14,35537.1206
4737,000006.SZ,20010420,1.6421,1.6617,1.5852,1.6071,1.6366,-0.02950000000000008,-1.8025,33439.6,49750.3039
4738,000006.SZ,20010419,1.6191,1.6388,1.5874,1.6366,1.6213,0.015300000000000091,0.9437,26308.52,38680.8728
4739,000006.SZ,20010418,1.6617,1.6672,1.6191,1.6213,1.6464,-0.025100000000000122,-1.5245,25472.52,38037.8272
4740,000006.SZ,20010417,1.6486,1.6836,1.6311,1.6464,1.6399,0.006500000000000172,0.3964,44274.69,67056.0013
4741,000006.SZ,20010416,1.5972,1.6672,1.5907,1.6399,1.5852,0.05469999999999997,3.4507,88172.24,132400.8169
4742,000006.SZ,20010413,1.5732,1.5983,1.5721,1.5852,1.5732,0.01200000000000001,0.7628,27060.32,39210.1561
4743,000006.SZ,20010412,1.5612,1.6093,1.5612,1.5732,1.5546,0.01859999999999995,1.1964,46666.26,67673.724
4744,000006.SZ,20010411,1.5415,1.5612,1.5404,1.5546,1.5404,0.01419999999999999,0.9218,23339.34,33149.9754
4745,000006.SZ,20010410,1.5513,1.5666,1.5284,1.5404,1.4879,0.05249999999999999,3.5285,29536.97,41653.0475
4746,000006.SZ,20010409,1.4923,1.4967,1.465,1.4879,1.4923,-0.0043999999999999595,-0.2948,7756.94,10493.9123
4747,000006.SZ,20010406,1.4999,1.512,1.4901,1.4923,1.4956,-0.0033000000000000806,-0.2206,8047.75,11039.9059
4748,000006.SZ,20010405,1.4704,1.501,1.4704,1.4956,1.4846,0.01100000000000012,0.7409,8784.52,11992.7635
4749,000006.SZ,20010404,1.5109,1.5218,1.4813,1.4846,1.5109,-0.02629999999999999,-1.7407,13472.54,18467.8727
4750,000006.SZ,20010403,1.5404,1.5404,1.5087,1.5109,1.5404,-0.02950000000000008,-1.9151,11867.0,16494.802
4751,000006.SZ,20010402,1.5426,1.5426,1.5207,1.5404,1.5305,0.00990000000000002,0.6468,12306.35,17271.0329
4752,000006.SZ,20010330,1.5633,1.5633,1.5141,1.5305,1.5196,0.01089999999999991,0.7173,12117.4,16981.6405
4753,000006.SZ,20010329,1.5284,1.5415,1.5185,1.5196,1.5284,-0.008799999999999919,-0.5758,14622.95,20452.0216
4754,000006.SZ,20010328,1.5174,1.5404,1.5065,1.5284,1.5152,0.013199999999999878,0.8712,15528.99,21651.1736
4755,000006.SZ,20010327,1.5087,1.5196,1.4868,1.5152,1.4999,0.015300000000000091,1.0201,12605.05,17312.1571
4756,000006.SZ,20010326,1.4759,1.5087,1.4737,1.4999,1.4715,0.02839999999999998,1.93,10171.07,13926.7028
4757,000006.SZ,20010323,1.5305,1.536,1.466,1.4715,1.5295,-0.05800000000000005,-3.7921,21237.83,29048.3516
4758,000006.SZ,20010322,1.5251,1.5524,1.5163,1.5295,1.5218,0.00770000000000004,0.506,17149.17,24019.2193
4759,000006.SZ,20010321,1.5305,1.5305,1.512,1.5218,1.5316,-0.009800000000000031,-0.6399,13130.82,18266.7875
4760,000006.SZ,20010320,1.5207,1.5382,1.5109,1.5316,1.5207,0.010900000000000132,0.7168,24557.59,34327.7129
4761,000006.SZ,20010319,1.4704,1.524,1.4639,1.5207,1.4715,0.04919999999999991,3.3435,16435.49,22598.5521
4762,000006.SZ,20010316,1.4813,1.4934,1.4595,1.4715,1.4835,-0.01200000000000001,-0.8089,11207.03,15114.1185
4763,000006.SZ,20010315,1.489,1.4977,1.4759,1.4835,1.489,-0.00550000000000006,-0.3694,9307.12,12630.3268
4764,000006.SZ,20010314,1.4726,1.4977,1.4628,1.489,1.4748,0.01419999999999999,0.9628,8683.32,11819.2778
4765,000006.SZ,20010313,1.489,1.4945,1.4551,1.4748,1.4912,-0.01639999999999997,-1.0998,12790.8,17244.9358
4766,000006.SZ,20010312,1.5196,1.5196,1.4868,1.4912,1.5076,-0.01639999999999997,-1.0878,8610.36,11804.5378
4767,000006.SZ,20010309,1.4977,1.5229,1.4977,1.5076,1.4868,0.02080000000000015,1.399,26190.9,36160.8999
4768,000006.SZ,20010308,1.4595,1.4956,1.4595,1.4868,1.4584,0.02839999999999998,1.9473,12981.96,17590.8962
4769,000006.SZ,20010307,1.4737,1.4813,1.4573,1.4584,1.4726,-0.01419999999999999,-0.9643,7317.43,9832.5529
4770,000006.SZ,20010306,1.5262,1.5262,1.4486,1.4726,1.4442,0.02839999999999998,1.9665,10887.79,14648.7144
4771,000006.SZ,20010305,1.4813,1.4824,1.4431,1.4442,1.4704,-0.0262,-1.7818,7646.84,10202.4331
4772,000006.SZ,20010302,1.4507,1.4715,1.4431,1.4704,1.4431,0.02729999999999988,1.8918,12594.35,16839.668
4773,000006.SZ,20010301,1.4267,1.4595,1.4245,1.4431,1.4311,0.01200000000000001,0.8385,10516.6,13937.2231
4774,000006.SZ,20010228,1.4322,1.4398,1.419,1.4311,1.4365,-0.005400000000000071,-0.3759,6347.35,8278.4285
4775,000006.SZ,20010227,1.4322,1.4376,1.4125,1.4365,1.4234,0.013100000000000112,0.9203,7693.88,10032.5849
4776,000006.SZ,20010226,1.4212,1.4311,1.3994,1.4234,1.407,0.01639999999999997,1.1656,9205.48,11976.3164
4777,000006.SZ,20010223,1.3666,1.4103,1.3644,1.407,1.3709,0.03610000000000002,2.6333,6554.2,8311.6446
4778,000006.SZ,20010222,1.3545,1.3994,1.3534,1.3709,1.3644,0.00649999999999995,0.4764,10767.11,13608.2384
4779,000006.SZ,20010221,1.3939,1.4004,1.3534,1.3644,1.4059,-0.04149999999999987,-2.9518,12076.46,15147.7617
4780,000006.SZ,20010220,1.4376,1.4518,1.3972,1.4059,1.4387,-0.03280000000000016,-2.2798,10578.1,13738.9299
4781,000006.SZ,20010219,1.4103,1.4453,1.3939,1.4387,1.4114,0.027300000000000102,1.9342,9186.2,11999.6376
4782,000006.SZ,20010216,1.3666,1.4168,1.3534,1.4114,1.3797,0.03170000000000006,2.2976,8368.39,10529.6118
4783,000006.SZ,20010215,1.3961,1.4081,1.3622,1.3797,1.3961,-0.01639999999999997,-1.1747,6314.88,8026.681
4784,000006.SZ,20010214,1.3862,1.4059,1.3775,1.3961,1.3917,0.0043999999999999595,0.3162,3678.17,4697.9094
4785,000006.SZ,20010213,1.3994,1.407,1.383,1.3917,1.395,-0.0033000000000000806,-0.2366,6263.28,7994.4613
4786,000006.SZ,20010212,1.3622,1.395,1.3534,1.395,1.36,0.03499999999999992,2.5735,6300.9,7937.8668
4787,000006.SZ,20010209,1.3338,1.3775,1.3338,1.36,1.3359,0.02410000000000001,1.804,10476.49,12992.0959
4788,000006.SZ,20010208,1.3939,1.4048,1.3283,1.3359,1.3983,-0.06240000000000001,-4.4626,9711.3,12144.3219
4789,000006.SZ,20010207,1.4267,1.4376,1.3961,1.3983,1.4267,-0.02839999999999998,-1.9906,9228.0,11851.8075
4790,000006.SZ,20010206,1.4223,1.4409,1.395,1.4267,1.442,-0.01529999999999987,-1.061,13189.08,17067.8221
4791,000006.SZ,20010205,1.5076,1.5152,1.4398,1.442,1.4988,-0.05679999999999996,-3.7897,8786.71,11831.8936
4792,000006.SZ,20010119,1.4868,1.5076,1.4868,1.4988,1.4813,0.01749999999999985,1.1814,10256.68,14098.0731
4793,000006.SZ,20010118,1.477,1.4923,1.4671,1.4813,1.4759,0.005400000000000071,0.3659,8433.85,11453.388
4794,000006.SZ,20010117,1.4923,1.4934,1.454,1.4759,1.4956,-0.01970000000000005,-1.3172,7515.19,10135.2682
4795,000006.SZ,20010116,1.4595,1.501,1.4409,1.4956,1.4759,0.01970000000000005,1.3348,20464.98,27501.6377
4796,000006.SZ,20010115,1.536,1.5393,1.4704,1.4759,1.5404,-0.0645,-4.1872,24793.24,34107.8632
4797,000006.SZ,20010112,1.5797,1.5961,1.5305,1.5404,1.5743,-0.03390000000000004,-2.1533,22904.79,32519.2021
4798,000006.SZ,20010111,1.6027,1.6136,1.5633,1.5743,1.5907,-0.01639999999999997,-1.031,32141.36,46597.0019
4799,000006.SZ,20010110,,,,,,,,63143.81,91273.6585
4800,000006.SZ,20010109,,,,,,,,26498.14,37538.5752
4801,000006.SZ,20010108,,,,,,,,24427.1,34105.7069
4802,000006.SZ,20010105,,,,,,,,11757.49,16221.1058
4803,000006.SZ,20010104,,,,,,,,22518.94,31160.145
4804,000006.SZ,20010103,,,,,,,,43428.79,60495.2949
4805,000006.SZ,20010102,,,,,,,,32442.63,43923.5262
4806,000006.SZ,20001229,,,,,,,,16222.59,21497.959
4807,000006.SZ,20001228,,,,,,,,14386.96,18816.2792
4808,000006.SZ,20001227,,,,,,,,8678.3,11414.442
4809,000006.SZ,20001226,,,,,,,,14374.93,19036.7674
4810,000006.SZ,20001225,,,,,,,,61639.61,83911.5595
4811,000006.SZ,20001222,,,,,,,,27421.25,35351.8426
4812,000006.SZ,20001221,,,,,,,,7481.9,9552.0691
4813,000006.SZ,20001220,,,,,,,,5844.4,7416.3769
4814,000006.SZ,20001219,,,,,,,,5236.83,6608.6524
4815,000006.SZ,20001218,,,,,,,,4129.56,5129.1839
4816,000006.SZ,20001215,,,,,,,,3909.93,4895.4435
4817,000006.SZ,20001214,,,,,,,,3675.35,4637.939
4818,000006.SZ,20001213,,,,,,,,4655.05,5881.9935
4819,000006.SZ,20001212,,,,,,,,5306.9,6617.7786
4820,000006.SZ,20001211,,,,,,,,8129.12,10104.9146
4821,000006.SZ,20001208,,,,,,,,8240.07,10430.7465
4822,000006.SZ,20001207,,,,,,,,11406.54,14300.9403
4823,000006.SZ,20001206,,,,,,,,13384.0,17136.8741
4824,000006.SZ,20001205,,,,,,,,20076.57,26183.2051
4825,000006.SZ,20001204,,,,,,,,40225.88,52108.8416
4826,000006.SZ,20001201,,,,,,,,6352.78,7829.9206
4827,000006.SZ,20001130,,,,,,,,5239.36,6360.2846
4828,000006.SZ,20001129,,,,,,,,7619.23,9235.744
4829,000006.SZ,20001128,,,,,,,,5547.54,6772.0116
4830,000006.SZ,20001127,,,,,,,,9309.48,11274.4288
4831,000006.SZ,20001124,,,,,,,,18229.5,22675.5097
4832,000006.SZ,20001123,,,,,,,,16673.89,21361.5089
4833,000006.SZ,20001122,,,,,,,,10184.98,12925.6951
4834,000006.SZ,20001121,,,,,,,,15927.8,20304.1951
4835,000006.SZ,20001120,,,,,,,,12818.86,15905.8111
4836,000006.SZ,20001117,,,,,,,,14181.0,17653.7553
4837,000006.SZ,20001116,,,,,,,,15169.0,18660.7888
4838,000006.SZ,20001115,,,,,,,,12927.0,16067.6569
4839,000006.SZ,20001114,,,,,,,,11820.0,14629.7614
4840,000006.SZ,20001113,,,,,,,,25551.0,32117.4096
4841,000006.SZ,20001110,,,,,,,,42086.0,52367.7484
4842,000006.SZ,20001109,,,,,,,,22478.0,27162.7726
4843,000006.SZ,20001108,,,,,,,,9050.0,10734.8122
4844,000006.SZ,20001107,,,,,,,,7712.0,9051.3007
4845,000006.SZ,20001106,,,,,,,,7150.0,8376.7045
4846,000006.SZ,20001103,,,,,,,,9521.0,11084.7481
4847,000006.SZ,20001102,,,,,,,,7185.0,8241.2526
4848,000006.SZ,20001101,,,,,,,,4685.0,5350.569
4849,000006.SZ,20001031,,,,,,,,5572.0,6434.3318
4850,000006.SZ,20001030,,,,,,,,7670.0,8847.5371
4851,000006.SZ,20001027,,,,,,,,5642.0,6454.3763
4852,000006.SZ,20001026,,,,,,,,6326.0,7247.8778
4853,000006.SZ,20001025,,,,,,,,10486.0,12057.8185
4854,000006.SZ,20001024,,,,,,,,7197.0,8211.4276
4855,000006.SZ,20001023,,,,,,,,8793.0,10176.3561
4856,000006.SZ,20001020,,,,,,,,12818.0,14767.9122
4857,000006.SZ,20001019,,,,,,,,10526.0,11946.0711
4858,000006.SZ,20001018,,,,,,,,4237.0,4734.1577
4859,000006.SZ,20001017,,,,,,,,5409.0,6007.6109
4860,000006.SZ,20001016,,,,,,,,4503.0,5029.1203
4861,000006.SZ,20001013,,,,,,,,11079.0,12433.8503
4862,000006.SZ,20001012,,,,,,,,5147.0,5627.7565
4863,000006.SZ,20001011,,,,,,,,6731.0,7507.5512
4864,000006.SZ,20001010,,,,,,,,6166.0,6882.2712
4865,000006.SZ,20001009,,,,,,,,8553.0,9195.3643
4866,000006.SZ,20000929,,,,,,,,6874.0,7507.9193
4867,000006.SZ,20000928,,,,,,,,6074.0,6653.2482
4868,000006.SZ,20000927,,,,,,,,5735.0,6380.9832
4869,000006.SZ,20000926,,,,,,,,7321.0,7975.2841
4870,000006.SZ,20000925,,,,,,,,5242.0,5770.4959
4871,000006.SZ,20000922,,,,,,,,6035.0,6690.0046
4872,000006.SZ,20000921,,,,,,,,3683.0,4204.6298
4873,000006.SZ,20000920,,,,,,,,5264.0,5911.7816
4874,000006.SZ,20000919,,,,,,,,6016.0,6765.2094
4875,000006.SZ,20000918,,,,,,,,6910.0,8008.9378
4876,000006.SZ,20000915,,,,,,,,6403.0,7563.6184
4877,000006.SZ,20000914,,,,,,,,7615.0,9118.419
4878,000006.SZ,20000913,,,,,,,,10178.0,12335.8136
4879,000006.SZ,20000912,,,,,,,,11731.0,14021.5513
4880,000006.SZ,20000911,,,,,,,,7382.0,8597.2402
4881,000006.SZ,20000908,,,,,,,,5084.0,5843.9315
4882,000006.SZ,20000907,,,,,,,,7808.0,9010.0741
4883,000006.SZ,20000906,,,,,,,,15563.02,17849.8925
4884,000006.SZ,20000905,,,,,,,,7355.0,8872.0144
4885,000006.SZ,20000904,,,,,,,,7536.0,9164.868
4886,000006.SZ,20000901,,,,,,,,13224.0,16121.8583
4887,000006.SZ,20000831,,,,,,,,12274.0,15462.655
4888,000006.SZ,20000830,,,,,,,,10056.0,13151.3138
4889,000006.SZ,20000829,,,,,,,,15006.0,19636.1523
4890,000006.SZ,20000828,,,,,,,,12860.0,16507.8553
4891,000006.SZ,20000825,,,,,,,,9574.0,12282.083
4892,000006.SZ,20000824,,,,,,,,15236.0,19462.7178
4893,000006.SZ,20000823,,,,,,,,25685.0,32720.3904
4894,000006.SZ,20000822,,,,,,,,12846.0,16957.8229
4895,000006.SZ,20000821,,,,,,,,26561.0,34717.456
4896,000006.SZ,20000818,,,,,,,,19752.0,26161.8351
4897,000006.SZ,20000817,,,,,,,,13035.0,17495.7648
4898,000006.SZ,20000816,,,,,,,,13711.0,18379.6507
4899,000006.SZ,20000815,,,,,,,,8307.0,11294.7669
4900,000006.SZ,20000814,,,,,,,,12820.0,17540.306
4901,000006.SZ,20000811,,,,,,,,17542.0,23916.4885
4902,000006.SZ,20000810,,,,,,,,21383.0,28866.6969
4903,000006.SZ,20000809,,,,,,,,17685.0,24134.5642
4904,000006.SZ,20000808,,,,,,,,12999.0,18090.9565
4905,000006.SZ,20000807,,,,,,,,12916.0,17640.1929
4906,000006.SZ,20000804,,,,,,,,15599.0,21531.6762
4907,000006.SZ,20000803,,,,,,,,15822.0,21898.8806
4908,000006.SZ,20000802,,,,,,,,13566.0,18847.4487
4909,000006.SZ,20000801,,,,,,,,18118.0,25472.3222
4910,000006.SZ,20000731,,,,,,,,18256.0,25297.973
4911,000006.SZ,20000728,,,,,,,,30139.0,41899.3205
4912,000006.SZ,20000727,,,,,,,,39809.0,57010.5448
4913,000006.SZ,20000726,,,,,,,,40144.0,57909.4714
4914,000006.SZ,20000725,,,,,,,,31105.0,44504.9658
4915,000006.SZ,20000724,,,,,,,,47080.0,66212.8225
4916,000006.SZ,20000721,,,,,,,,82240.0,115360.6872
4917,000006.SZ,20000720,,,,,,,,37937.0,51804.5652
4918,000006.SZ,20000719,,,,,,,,13965.0,18700.0641
4919,000006.SZ,20000718,,,,,,,,11612.0,15482.8583
4920,000006.SZ,20000717,,,,,,,,17789.0,24195.6847
4921,000006.SZ,20000714,,,,,,,,20135.0,27150.6818
4922,000006.SZ,20000713,,,,,,,,22717.0,30226.8813
4923,000006.SZ,20000712,,,,,,,,18623.0,24956.2668
4924,000006.SZ,20000711,,,,,,,,21921.0,29944.2622
4925,000006.SZ,20000710,,,,,,,,22694.0,30686.3028
4926,000006.SZ,20000707,,,,,,,,13174.0,17346.9318
4927,000006.SZ,20000706,,,,,,,,14779.0,19236.0226
4928,000006.SZ,20000705,,,,,,,,19105.0,25268.8717
4929,000006.SZ,20000704,,,,,,,,23827.0,30913.2396
4930,000006.SZ,20000703,,,,,,,,46919.0,62524.6055
4931,000006.SZ,20000630,,,,,,,,73684.0,101331.0094
4932,000006.SZ,20000629,,,,,,,,115996.0,159074.5439
4933,000006.SZ,20000628,,,,,,,,68998.0,89797.2194
4934,000006.SZ,20000627,,,,,,,,50573.0,64379.4118
4935,000006.SZ,20000626,,,,,,,,20119.0,24975.8743
4936,000006.SZ,20000623,,,,,,,,16289.0,19740.7688
4937,000006.SZ,20000622,,,,,,,,12221.0,14837.2607
4938,000006.SZ,20000621,,,,,,,,13423.0,16279.5362
4939,000006.SZ,20000620,,,,,,,,14128.0,17227.221
4940,000006.SZ,20000619,,,,,,,,21557.0,26836.7813
4941,000006.SZ,20000616,,,,,,,,60646.0,77424.8558
4942,000006.SZ,20000615,,,,,,,,34688.0,43300.862
4943,000006.SZ,20000614,,,,,,,,16168.0,19761.5078
4944,000006.SZ,20000613,,,,,,,,11978.0,14614.2323
4945,000006.SZ,20000612,,,,,,,,12803.0,15512.3225
4946,000006.SZ,20000609,,,,,,,,35230.0,44188.7881
4947,000006.SZ,20000608,,,,,,,,31497.0,39084.1477
4948,000006.SZ,20000607,,,,,,,,19918.0,24505.5152
4949,000006.SZ,20000606,,,,,,,,19391.0,23592.5389
4950,000006.SZ,20000605,,,,,,,,31874.0,39674.7104
4951,000006.SZ,20000602,,,,,,,,26890.0,32900.0875
4952,000006.SZ,20000601,,,,,,,,31431.0,38558.4216
4953,000006.SZ,20000531,,,,,,,,11237.0,13219.1491
4954,000006.SZ,20000530,,,,,,,,14411.0,16936.6916
4955,000006.SZ,20000529,,,,,,,,14588.0,17542.0492
4956,000006.SZ,20000526,,,,,,,,15829.0,18718.3072
4957,000006.SZ,20000525,,,,,,,,15457.0,18307.1331
4958,000006.SZ,20000524,,,,,,,,15682.0,18581.3428
4959,000006.SZ,20000522,,,,,,,,15813.0,18240.0128
4960,000006.SZ,20000519,,,,,,,,8961.0,10030.5833
4961,000006.SZ,20000518,,,,,,,,7826.0,8647.1048
4962,000006.SZ,20000517,,,,,,,,3966.0,4356.6144
4963,000006.SZ,20000516,,,,,,,,5705.0,6258.8659
4964,000006.SZ,20000515,,,,,,,,5017.0,5398.458
4965,000006.SZ,20000512,,,,,,,,9024.0,9912.6724
4966,000006.SZ,20000511,,,,,,,,11872.0,13101.7834
4967,000006.SZ,20000510,,,,,,,,13887.0,15894.1447
4968,000006.SZ,20000509,,,,,,,,11124.0,13475.7012
4969,000006.SZ,20000508,,,,,,,,15268.0,18637.6396
4970,000006.SZ,20000428,,,,,,,,12511.0,14906.6708
4971,000006.SZ,20000427,,,,,,,,15173.0,18206.4407
4972,000006.SZ,20000426,,,,,,,,10405.0,12385.2594
4973,000006.SZ,20000425,,,,,,,,19548.0,23237.9674
4974,000006.SZ,20000424,,,,,,,,21876.0,26618.0027
4975,000006.SZ,20000421,,,,,,,,24517.0,30469.2114
4976,000006.SZ,20000420,,,,,,,,24333.0,29984.6409
4977,000006.SZ,20000419,,,,,,,,30543.0,37876.1401
4978,000006.SZ,20000418,,,,,,,,29848.0,37530.0
4979,000006.SZ,20000417,,,,,,,,62816.0,79231.6398
4980,000006.SZ,20000414,,,,,,,,100696.0,128067.3445
4981,000006.SZ,20000413,,,,,,,,27357.0,33413.0735
4982,000006.SZ,20000412,,,,,,,,36135.0,44025.0509
4983,000006.SZ,20000411,,,,,,,,51580.0,64139.5066
4984,000006.SZ,20000410,,,,,,,,50388.0,63340.7553
4985,000006.SZ,20000407,,,,,,,,62244.0,76633.5774
4986,000006.SZ,20000406,,,,,,,,120438.0,149584.1692
4987,000006.SZ,20000405,,,,,,,,85829.0,101464.1982
4988,000006.SZ,20000404,,,,,,,,31281.0,35532.9739
4989,000006.SZ,20000403,,,,,,,,13526.0,15089.3447
4990,000006.SZ,20000331,,,,,,,,18655.0,20765.2943
4991,000006.SZ,20000330,,,,,,,,16301.0,18499.4258
4992,000006.SZ,20000329,,,,,,,,21053.0,23631.8745
4993,000006.SZ,20000328,,,,,,,,23696.0,27190.5421
4994,000006.SZ,20000327,,,,,,,,45283.0,52078.8977
4995,000006.SZ,20000324,,,,,,,,26572.0,29318.5092
4996,000006.SZ,20000323,,,,,,,,12358.0,13361.1232
4997,000006.SZ,20000322,,,,,,,,11885.0,12835.125
4998,000006.SZ,20000321,,,,,,,,24207.0,26645.4263
4999,000006.SZ,20000320,,,,,,,,12437.0,12918.2714
